<Frame>: 0 4 Siren_Alarm_One
	<Transform>: 0 0 0 0 0 0 1 1 1 0 0 0 1  
	<TransformMatrix>: 1 0 0 0 0 1 0 0 0 0 1 0 0 0 0 1  
	<Children>: 3
		<Frame>: 1 0 Siren_Bell
			<Transform>: 0 0 0 270 0 0 1 1 1 -0.7071068 0 -8.659561E-17 0.7071068  
			<TransformMatrix>: 1 -1.224647E-16 1.224647E-16 0 1.224647E-16 -1.192093E-07 -1 0 1.224647E-16 1 -1.192093E-07 0 0 0 0 1  
			<Mesh>: 88 Siren_Bell
				<Bounds>: -1.117587E-08 -1.862645E-08 0.1471596 0.09349942 0.09349942 0.1471596
				<Positions>: 88 -0.09349943 -3.050306E-08 0.2017547 -0.08097286 0.04674969 -2.991885E-09 -0.09349941 -1.28651E-08 -8.17398E-09 -0.08097288 0.04674967 0.2017547 -0.0467497 0.08097286 2.991883E-09 -0.04674972 0.08097284 0.2017547 4.086988E-09 0.0934994 8.173977E-09 -1.355098E-08 0.09349938 0.2017547 0.04674971 0.08097285 1.116586E-08 0.04674969 0.08097284 0.2017548 0.08097286 0.0467497 1.116586E-08 0.08097284 0.04674968 0.2017548 0.09349941 1.252919E-09 8.173979E-09 0.09349939 -1.638504E-08 0.2017547 0.08097287 -0.0467497 2.991886E-09 0.08097285 -0.04674972 0.2017547 0.04674973 -0.08097286 -2.99188E-09 0.04674971 -0.08097288 0.2017547 4.346903E-08 -0.09349942 -8.173974E-09 2.583106E-08 -0.09349944 0.2017547 -0.04674966 -0.0809729 -1.116586E-08 -0.04674968 -0.08097292 0.2017547 -0.08097284 -0.04674978 -1.116586E-08 -0.08097285 -0.0467498 0.2017547 -0.09349941 -1.28651E-08 -8.17398E-09 -0.09349943 -3.050306E-08 0.2017547 -0.08097284 -0.04674978 -1.116586E-08 1.470248E-08 -1.803084E-08 -2.90974E-16 -0.04674966 -0.0809729 -1.116586E-08 -0.09349941 -1.28651E-08 -8.17398E-09 4.346903E-08 -0.09349942 -8.173974E-09 -0.08097286 0.04674969 -2.991885E-09 0.04674973 -0.08097286 -2.99188E-09 -0.0467497 0.08097286 2.991883E-09 0.08097287 -0.0467497 2.991886E-09 4.086988E-09 0.0934994 8.173977E-09 0.09349941 1.252919E-09 8.173979E-09 0.04674971 0.08097285 1.116586E-08 0.08097286 0.0467497 1.116586E-08 -0.07457724 -0.04305728 0.2372476 -0.08097285 -0.0467498 0.2017547 -0.04674968 -0.08097292 0.2017547 -0.09349943 -3.050306E-08 0.2017547 -0.04305717 -0.0745773 0.2372476 2.583106E-08 -0.09349944 0.2017547 -0.08611441 -3.360595E-08 0.2372476 -0.05697091 -0.03289224 0.2672639 -0.07457726 0.04305716 0.2372476 -0.08097288 0.04674967 0.2017547 -0.04305721 0.07457721 0.2372476 -0.04674972 0.08097284 0.2017547 -1.355098E-08 0.09349938 0.2017547 1.929478E-08 -0.08611441 0.2372476 -0.03289216 -0.05697096 0.2672639 0.0430572 -0.07457726 0.2372476 0.03289216 -0.05697092 0.2672639 0.04674971 -0.08097288 0.2017547 0.08097285 -0.04674972 0.2017547 0.07457723 -0.04305721 0.2372476 0.09349939 -1.638504E-08 0.2017547 7.218987E-09 -0.06578436 0.2672639 -8.581053E-09 -0.03556536 0.2872913 -1.697668E-08 0.08611435 0.2372476 -0.03289219 0.05697087 0.2672639 0.04305718 0.07457721 0.2372477 0.04674969 0.08097284 0.2017548 0.08097284 0.04674968 0.2017548 0.07457723 0.04305717 0.2372477 0.03289215 0.05697086 0.2672639 0.08611437 -2.060304E-08 0.2372476 0.05697088 -0.03289219 0.2672639 0.05697088 0.03289213 0.2672639 -2.048943E-08 0.06578429 0.2672639 -0.05697092 0.03289213 0.2672639 0.06578431 -2.629689E-08 0.2672639 0.01778264 0.03080043 0.2872913 -0.01778268 0.03080044 0.2872913 0.03080045 0.01778262 0.2872913 0.03556529 -3.261069E-08 0.2872913 -2.35612E-08 0.03556528 0.2872913 -2.573021E-08 -3.85953E-08 0.2943192 0.03080045 -0.01778269 0.2872913 0.01778265 -0.0308005 0.2872913 -0.0308005 0.01778262 0.2872913 -0.03556535 -3.79809E-08 0.2872913 -0.01778267 -0.03080052 0.2872913 -0.03080049 -0.01778272 0.2872913 -0.06578435 -3.623005E-08 0.2672639  
				<Colors>: 0  
				<TextureCoords0>: 88 0.06719208 0.5580287 0.1380254 0.9830287 0.06719208 0.9830287 0.1380254 0.5580287 0.2088588 0.9830287 0.2088588 0.5580287 0.2796921 0.9830287 0.2796921 0.5580287 0.3505254 0.9830287 0.3505254 0.5580287 0.4213587 0.9830287 0.4213587 0.5580287 0.4921921 0.9830287 0.4921921 0.5580287 0.5630254 0.9830287 0.5630254 0.5580287 0.6338588 0.9830287 0.6338588 0.5580287 0.7046921 0.9830287 0.7046921 0.5580287 0.7755255 0.9830287 0.7755255 0.5580287 0.8463588 0.9830287 0.8463588 0.5580287 0.9171921 0.9830287 0.9171921 0.5580287 0.6345243 0.06796682 0.7523677 0.2720772 0.5482572 0.1542341 0.7523677 0.03639048 0.5166811 0.2720773 0.8702111 0.0679667 0.5482573 0.3899205 0.9564784 0.1542339 0.6345245 0.4761876 0.9880543 0.2720771 0.7523677 0.5077636 0.9564784 0.3899204 0.8702111 0.4761876 0.3520127 0.1125441 0.385426 0.05822945 0.4719045 0.149694 0.2647806 0.02225399 0.4158381 0.1800535 0.5011303 0.272153 0.262997 0.08600092 0.3208267 0.1632311 0.1726368 0.107522 0.1423072 0.05142254 0.1051434 0.1713387 0.05082296 0.1379222 0.01483727 0.2585943 0.4373672 0.270411 0.3634857 0.2083281 0.4108238 0.3594074 0.3601271 0.3282157 0.4651441 0.3928242 0.373661 0.4793234 0.3433309 0.4232241 0.2511885 0.5084937 0.3778546 0.2687204 0.3171224 0.267025 0.07860076 0.2603356 0.15584 0.2025304 0.1001306 0.3506939 0.04406474 0.3810537 0.1305432 0.4725186 0.1639562 0.4182036 0.1524827 0.3224192 0.2529715 0.4447463 0.3150226 0.3708678 0.1951418 0.3675163 0.1381133 0.2620262 0.200945 0.1598784 0.2546338 0.3852522 0.2059386 0.2935141 0.2075942 0.2343705 0.2269803 0.3157642 0.2563297 0.3245136 0.1988449 0.2637215 0.2579835 0.2653731 0.2861215 0.3174176 0.308373 0.2963756 0.2298459 0.2133286 0.2596382 0.206233 0.3100292 0.2372327 0.2889878 0.2149827 0.2613345 0.1454948  
				<TextureCoords1>: 0  
				<Normals>: 88 -0.9949156 -1.241968E-07 0.1007123 -0.8660221 0.500006 0 -1 -1.178451E-07 0 -0.8616375 0.4974323 0.1007072 -0.500006 0.8660221 0 -0.4974323 0.8616375 0.1007072 1.080256E-07 1 0 0 0.9949156 0.1007123 0.500006 0.8660221 1.194267E-07 0.4974323 0.8616375 0.1007072 0.8660221 0.500006 1.194267E-07 0.8616375 0.4974323 0.1007072 1 1.080256E-07 0 0.9949156 0 0.1007123 0.8660221 -0.500006 0 0.8616375 -0.4974323 0.1007072 0.500006 -0.8660221 0 0.4974323 -0.8616375 0.1007072 3.829795E-07 -1 0 3.976026E-07 -0.9949156 0.1007123 -0.500006 -0.8660221 -1.194153E-07 -0.4974323 -0.8616375 0.1007072 -0.8660221 -0.500006 -1.194267E-07 -0.8616375 -0.4974323 0.1007072 -1 -1.178451E-07 0 -0.9949156 -1.241968E-07 0.1007123 0 0 -1 0 0 -1 0 0 -1 0 0 -1 0 0 -1 0 0 -1 0 0 -1 0 0 -1 0 0 -1 0 0 -1 0 0 -1 0 0 -1 0 0 -1 -0.8015614 -0.4627693 0.3786078 -0.8616375 -0.4974323 0.1007072 -0.4974323 -0.8616375 0.1007072 -0.9949156 -1.241968E-07 0.1007123 -0.4627693 -0.8015614 0.3786078 3.976026E-07 -0.9949156 0.1007123 -0.9255545 -1.305599E-07 0.3786142 -0.6227767 -0.3595749 0.6948777 -0.8015614 0.4627693 0.3786078 -0.8616375 0.4974323 0.1007072 -0.4627693 0.8015614 0.3786078 -0.4974323 0.8616375 0.1007072 0 0.9949156 0.1007123 3.823344E-07 -0.9255545 0.3786142 -0.3595749 -0.6227767 0.6948777 0.4627693 -0.8015614 0.3786078 0.3595749 -0.6227767 0.6948777 0.4974323 -0.8616375 0.1007072 0.8616375 -0.4974323 0.1007072 0.8015614 -0.4627693 0.3786078 0.9949156 0 0.1007123 2.919106E-07 -0.7191384 0.6948668 1.271202E-07 -0.4073128 0.9132887 0 0.9255545 0.3786142 -0.3595749 0.6227767 0.6948777 0.4627693 0.8015614 0.3786078 0.4974323 0.8616375 0.1007072 0.8616375 0.4974323 0.1007072 0.8015614 0.4627693 0.3786078 0.3595749 0.6227767 0.6948777 0.9255545 0 0.3786142 0.6227767 -0.3595749 0.6948777 0.6227767 0.3595749 0.6948777 0 0.7191384 0.6948668 -0.6227767 0.3595749 0.6948777 0.7191384 0 0.6948668 0.2036569 0.3527367 0.9132911 -0.2036569 0.3527367 0.9132911 0.3527367 0.2036569 0.9132911 0.4073128 0 0.9132887 0 0.4073128 0.9132887 0 0 1 0.3527367 -0.2036569 0.9132911 0.2036569 -0.3527367 0.9132911 -0.3527367 0.2036569 0.9132911 -0.4073128 -1.340441E-07 0.9132887 -0.2036569 -0.3527367 0.9132911 -0.3527367 -0.2036569 0.9132911 -0.7191384 -1.463873E-07 0.6948668  
				<Tangents>: 88 0.002716691 0.9996361 0.02683883 0.5000059 0.8660221 0 0 1 0 0.4999745 0.8660402 0 0.8660221 0.5000059 0 0.8660402 0.4999745 0 1 0 0 1 0 0 0.8660221 -0.5000059 0 0.8660402 -0.4999745 0 0.5000059 -0.8660221 0 0.4999745 -0.8660402 0 0 -1 0 0 -1 0 -0.5000059 -0.8660221 0 -0.4999745 -0.8660402 0 -0.8660221 -0.5000059 0 -0.8660402 -0.4999745 0 -1 0 0 -1 0 0 -0.8660219 0.500006 0 -0.8660402 0.4999744 0 -0.5000059 0.8660221 0 -0.4999745 0.8660402 0 0 1 0 -0.002716877 0.9996361 -0.02683835 0 1 0 0 1 0 0 1 0 0 1 0 0 1 0 0 1 0 0 1 0 0 1 0 0 1 0 0 1 0 0 1 0 0 1 0 0 1 0 0.1872347 -0.7956412 -0.576106 0.3266196 -0.6953617 -0.6401499 0.3079058 -0.2838919 -0.9080745 -0.003613146 -0.9993562 -0.03569469 0.1591399 -0.4952715 -0.8540378 -0.02073748 -0.1006907 -0.9947017 -0.01204918 -0.9994935 -0.02945556 0.0626207 -0.9081951 -0.4138361 -0.2452137 -0.8319456 0.4977317 -0.3506773 -0.7269588 0.5903866 -0.194746 -0.5085833 0.8386995 -0.2936606 -0.2764835 0.9150521 -0.02073147 -0.1006907 0.9947017 -0.02369715 -0.3785079 -0.9252946 0.05319712 -0.7571555 -0.6510649 -0.1947483 -0.5085841 -0.8386986 -0.1060327 -0.7671319 -0.6326656 -0.2936636 -0.2764851 -0.9150506 -0.3506737 -0.7269543 -0.5903944 -0.2452091 -0.831943 -0.4977383 -0.003612043 -0.9993566 0.0356836 -0.02610011 -0.6946301 -0.7188935 -0.02721746 -0.9129504 -0.4071619 -0.02369279 -0.378508 0.9252947 -0.1033403 -0.766682 0.6336557 0.1529732 -0.492892 0.8565377 0.2562132 -0.256831 0.9318759 0.3244286 -0.692432 0.6444253 0.2108074 -0.8112856 0.5453218 0.0548416 -0.7575023 0.6505249 -0.01204536 -0.9994938 0.02944607 -0.129453 -0.9232516 -0.3617295 0.08277011 -0.9134315 0.3984871 -0.02629854 -0.6946266 0.7188898 -0.129616 -0.9232803 0.3615982 -0.01991042 -0.9995894 0.02060591 0 -0.9328547 0.3602528 -0.0541284 -0.9354712 0.349233 0.0156932 -0.9771779 0.2118421 -0.02160604 -0.9997202 0.00963592 -0.02832542 -0.9129223 0.4071495 -0.02792835 -0.99961 0 -0.05604054 -0.9788735 -0.196637 -0.07143826 -0.9357086 -0.3454648 -0.06958834 -0.9790342 0.1914403 -0.02161794 -0.9997198 -0.009641422 0.01644652 -0.9339423 -0.3570454 0.001236586 -0.9761282 -0.2171915 -0.01991751 -0.9995891 -0.02061344  
				<BiTangents>: 88 0.1006757 -0.02697597 0.9945535 0 0 1 0 0 1 0.08721644 -0.05035101 0.9949161 0 0 1 0.05035101 -0.08721644 0.9949161 0 0 1 0 -0.1007123 0.9949156 -5.971405E-08 -1.034261E-07 1 -0.05035101 -0.08721644 0.9949161 -1.034261E-07 -5.971405E-08 1 -0.08721644 -0.05035101 0.9949161 0 0 1 -0.1007123 0 0.9949156 0 0 1 -0.08721644 0.05035101 0.9949161 0 0 1 -0.05035101 0.08721644 0.9949161 0 0 1 0 0.1007123 0.9949156 -5.970838E-08 -1.034163E-07 1 0.050351 0.08721644 0.9949161 -1.034261E-07 -5.971405E-08 1 0.08721644 0.05035101 0.9949161 0 0 1 0.1006757 0.02697552 0.9945535 -1 0 0 -1 0 0 -1 0 0 -1 0 0 -1 0 0 -1 0 0 -1 0 0 -1 0 0 -1 0 0 -1 0 0 -1 0 0 -1 0 0 -1 0 0 -0.5678402 0.3908958 -0.7244018 -0.3884591 0.5186842 -0.7616208 -0.811021 0.4206973 -0.4065202 -0.1006475 0.03587709 -0.9942751 -0.8720774 0.3349709 -0.3567569 -0.999785 0.002088124 0.02063208 -0.3784225 0.03182472 -0.9250857 -0.7798896 0.2142138 -0.5881196 -0.545316 -0.3061227 -0.7803328 -0.3668873 -0.4733835 -0.8008131 -0.8648228 -0.3143921 -0.3914577 -0.816287 -0.4256028 -0.3905609 -0.9997851 0.002087914 -0.02062606 -0.9997192 0.008971727 0.02193315 -0.9315986 0.1971411 -0.3053841 -0.8648223 -0.3143908 0.3914599 -0.9270723 -0.1538109 0.3418761 -0.816286 -0.4256017 0.3905642 -0.3668907 -0.4733906 0.8008075 -0.5453181 -0.3061297 0.7803286 -0.1006475 0.03586595 0.9942755 -0.9996594 0.01813589 0.0187698 -0.9996296 0.02485734 0.01108613 -0.9997193 0.008970427 -0.02192897 -0.9273763 -0.1560379 -0.3400375 -0.8731803 0.3384625 0.3507127 -0.8288039 0.4377427 0.3485189 -0.3902909 0.5225887 0.7580067 -0.5595173 0.3572956 0.7478504 -0.9315032 0.1958042 0.3065329 -0.3784226 0.03181449 0.925086 -0.7716159 -0.1353227 0.6215277 -0.7780092 0.1906534 0.598626 -0.9996541 0.01827398 -0.01891229 -0.7715886 -0.1351277 -0.6216041 -0.6945815 0.0286536 0.7188432 -0.9790423 0.073368 0.1899823 -0.9775448 -0.02168874 -0.2096083 -0.935591 0.06039203 0.3478826 -0.9130331 0.02365739 0.4071988 -0.9995988 0.02586928 -0.01153731 -0.9996099 0.02792834 0 -0.934043 -0.01817977 0.3566977 -0.9764325 -0.005112377 0.2157625 -0.9331314 -0.003973626 -0.3595135 -0.9130328 0.0236705 -0.4071987 -0.9789041 0.0576943 -0.1960051 -0.9357218 0.07548208 -0.3445681 -0.6945813 0.02866394 -0.718843  
				<SubMeshes>: 1
					<SubMesh>: 0 360 0 1 2 1 0 3 3 4 1 4 3 5 5 6 4 6 5 7 7 8 6 8 7 9 9 10 8 10 9 11 11 12 10 12 11 13 13 14 12 14 13 15 15 16 14 16 15 17 17 18 16 18 17 19 19 20 18 20 19 21 21 22 20 22 21 23 23 24 22 24 23 25 26 27 28 29 27 26 28 27 30 31 27 29 30 27 32 33 27 31 32 27 34 35 27 33 34 27 36 37 27 35 36 27 38 38 27 37 39 40 41 39 42 40 41 43 39 43 41 44 45 42 39 46 39 43 46 45 39 42 45 47 47 48 42 48 47 49 49 50 48 49 51 50 44 52 43 43 53 46 53 43 52 52 44 54 55 52 54 54 44 56 54 56 57 57 58 54 55 54 58 58 57 59 52 60 53 60 52 55 61 53 60 61 60 55 62 51 49 63 62 49 63 49 47 51 62 64 64 65 51 64 66 65 67 59 66 67 66 64 68 64 62 68 67 64 69 59 67 59 69 58 58 70 55 70 58 69 71 69 67 67 68 71 62 72 68 72 62 63 47 73 63 73 47 45 69 74 70 74 69 71 75 71 68 75 68 72 63 76 72 76 63 73 71 77 74 71 75 77 74 78 70 77 78 74 72 79 75 76 79 72 80 77 75 80 75 79 80 78 77 80 79 76 80 81 78 78 81 70 55 70 81 81 82 55 80 82 81 55 82 61 80 61 82 73 83 76 80 76 83 73 84 83 80 83 84 80 85 61 61 85 53 80 86 85 53 85 86 80 84 86 86 46 53 84 73 87 86 84 87 87 46 86 45 87 73 87 45 46  
			</Mesh>
			<Materials>: 1
				<Material>: 0
					<AlbedoColor>: 1 1 1 1
					<EmissiveColor>: 0 0 0 1
					<Glossiness>: 1
					<Metallic>: 0
					<SpecularHighlight>: 1
					<GlossyReflection>: 1
					<AlbedoMap>:Siren_Siren_Bell_BaseColor
					<MetallicMap>: null
					<NormalMap>:Siren_Siren_Bell_Normal
					<EmissionMap>: null
					<DetailAlbedoMap>: null
					<DetailNormalMap>: null
			</Materials>
			<Children>: 0
		</Frame>
		<Frame>: 2 0 Siren_Body
			<Transform>: 0 0 0 270 11 0 1 1 1 -0.7038514 0.06777319 0.06777319 0.7038514  
			<TransformMatrix>: 0.9816272 0 -0.190809 0 -0.190809 0 -0.9816272 0 0 1 0 0 0 0 0 1  
			<Mesh>: 98 Siren_Body
				<Bounds>: 2.235174E-08 0 -0.025 0.2355013 0.2355013 0.02500008
				<Positions>: 98 0.07769612 -0.2270756 -7.872454E-08 0.1808246 -0.1578051 -0.05000008 0.1808246 -0.1578052 -7.874078E-08 0.07769611 -0.2270756 -0.05000008 0.2355013 -0.04625098 -5.765847E-08 0.1808246 -0.1578052 -7.874078E-08 0.1808246 -0.1578051 -0.05000008 0.2355013 -0.04625096 -0.05000006 0.2270756 0.07769611 -2.112663E-08 0.2355013 -0.04625098 -5.765847E-08 0.2355013 -0.04625096 -0.05000006 0.2270755 0.07769613 -0.05000002 0.2270756 0.07769611 -2.112663E-08 0.1578051 0.1808246 -0.04999998 0.1578051 0.1808246 2.106608E-08 0.2270755 0.07769613 -0.05000002 0.1578051 0.1808246 2.106608E-08 0.04625099 0.2355013 -0.04999994 0.046251 0.2355013 5.761413E-08 0.1578051 0.1808246 -0.04999998 -0.07769608 0.2270755 7.872454E-08 0.046251 0.2355013 5.761413E-08 0.04625099 0.2355013 -0.04999994 -0.07769609 0.2270756 -0.04999992 -0.1808245 0.1578052 7.874078E-08 -0.07769608 0.2270755 7.872454E-08 -0.07769609 0.2270756 -0.04999992 -0.1808246 0.1578052 -0.04999992 -0.2355013 0.04625105 -0.04999994 -0.2355012 0.04625104 5.765849E-08 -0.1808245 0.1578052 7.874078E-08 -0.1808246 0.1578052 -0.04999992 -0.2270756 -0.07769601 -0.04999997 -0.2270756 -0.07769603 2.112668E-08 -0.2355012 0.04625104 5.765849E-08 -0.2355013 0.04625105 -0.04999994 -0.1578053 -0.1808245 -2.106602E-08 -0.2270756 -0.07769603 2.112668E-08 -0.2270756 -0.07769601 -0.04999997 -0.1578053 -0.1808245 -0.05000002 -0.04625112 -0.2355013 -5.761411E-08 -0.1578053 -0.1808245 -2.106602E-08 -0.1578053 -0.1808245 -0.05000002 -0.04625113 -0.2355013 -0.05000006 0.07769611 -0.2270756 -0.05000008 0.07769612 -0.2270756 -7.872454E-08 -0.04625112 -0.2355013 -5.761411E-08 -0.04625113 -0.2355013 -0.05000006 -0.02312557 -0.1177506 -0.05000003 -0.04625113 -0.2355013 -0.05000006 -0.1578053 -0.1808245 -0.05000002 0.07769611 -0.2270756 -0.05000008 -0.07890264 -0.09041225 -0.05000001 -0.2270756 -0.07769601 -0.04999997 0.03884805 -0.1135378 -0.05000004 0.1808246 -0.1578051 -0.05000008 -8.280907E-09 -1.668226E-09 -0.05 -0.1135378 -0.03884801 -0.04999999 0.09041228 -0.07890257 -0.05000004 -0.1177506 0.02312552 -0.04999997 -0.2355013 0.04625105 -0.04999994 0.1177506 -0.02312548 -0.05000003 0.2355013 -0.04625096 -0.05000006 0.2270755 0.07769613 -0.05000002 -0.0904123 0.07890259 -0.04999996 -0.1808246 0.1578052 -0.04999992 -0.07769609 0.2270756 -0.04999992 0.1135378 0.03884806 -0.05000001 0.07890256 0.09041231 -0.04999999 0.1578051 0.1808246 -0.04999998 0.02312548 0.1177506 -0.04999997 0.04625099 0.2355013 -0.04999994 -0.03884805 0.1135378 -0.04999996 -0.1578053 -0.1808245 -2.106602E-08 -0.04625112 -0.2355013 -5.761411E-08 -0.02312556 -0.1177507 -2.880705E-08 0.07769612 -0.2270756 -7.872454E-08 -0.07890263 -0.09041226 -1.053301E-08 -0.2270756 -0.07769603 2.112668E-08 0.03884806 -0.1135378 -3.936227E-08 0.1808246 -0.1578052 -7.874078E-08 1.192995E-09 -1.576107E-08 3.164771E-16 -0.1135378 -0.03884802 1.056334E-08 0.0904123 -0.07890259 -3.937038E-08 -0.1177506 0.02312552 2.882925E-08 -0.2355012 0.04625104 5.765849E-08 -0.1808245 0.1578052 7.874078E-08 0.1177507 -0.02312549 -2.882924E-08 0.2355013 -0.04625098 -5.765847E-08 0.2270756 0.07769611 -2.112663E-08 -0.09041228 0.07890258 3.937039E-08 -0.03884804 0.1135378 3.936227E-08 -0.07769608 0.2270755 7.872454E-08 0.0231255 0.1177506 2.880707E-08 0.046251 0.2355013 5.761413E-08 0.1578051 0.1808246 2.106608E-08 0.07890257 0.09041229 1.053304E-08 0.1135378 0.03884805 -1.056332E-08  
				<Colors>: 0  
				<TextureCoords0>: 98 0.4092335 0.1643245 0.518652 0.1327302 0.5143427 0.1750335 0.4135438 0.1220217 0.6000152 0.236863 0.5143427 0.1750335 0.5392276 0.1405534 0.6248991 0.2023824 0.6432946 0.3332449 0.6000152 0.236863 0.6388061 0.219445 0.6820851 0.3158263 0.6432946 0.3332449 0.6748865 0.4426638 0.632584 0.438353 0.6855976 0.3375558 0.632584 0.438353 0.6052349 0.5489087 0.5707551 0.5240242 0.667064 0.4632372 0.4743746 0.5673032 0.5707551 0.5240242 0.5881738 0.5628147 0.4917926 0.6060937 0.3692671 0.556594 0.4743746 0.5673032 0.4700648 0.609606 0.3649566 0.5988966 0.2587115 0.5292462 0.2835957 0.4947659 0.3692671 0.556594 0.3443834 0.5910745 0.2015255 0.4158043 0.2403159 0.3983856 0.2835957 0.4947659 0.2448056 0.5121851 0.2510242 0.2932776 0.2403159 0.3983856 0.1980131 0.3940761 0.2087212 0.2889678 0.3128524 0.2076055 0.2510242 0.2932776 0.2165437 0.2683941 0.2783718 0.1827219 0.391814 0.1255344 0.4092335 0.1643245 0.3128524 0.2076055 0.2954334 0.1688154 0.3923487 0.4568648 0.337511 0.5501646 0.2589049 0.4703274 0.4455047 0.5800027 0.3530456 0.4169462 0.2307486 0.3618833 0.4463455 0.4717838 0.5539488 0.5518463 0.4471863 0.363565 0.3389674 0.3627242 0.5005675 0.4577057 0.3538864 0.3087274 0.2605866 0.2538898 0.5404861 0.4184025 0.6337859 0.4732401 0.6636239 0.3652466 0.3938051 0.2694243 0.3404238 0.1752837 0.4488679 0.1471273 0.5554051 0.3644058 0.5413269 0.3101838 0.6354676 0.2568024 0.5020238 0.2702651 0.5568614 0.1769652 0.4480271 0.2553462 0.2510242 0.2932776 0.3128524 0.2076055 0.3773287 0.2867095 0.4092335 0.1643245 0.3464146 0.3295457 0.2403159 0.3983856 0.4255193 0.2650691 0.5143427 0.1750335 0.4418049 0.3658137 0.3410603 0.3820997 0.4780738 0.2704235 0.3627003 0.4302899 0.2835957 0.4947659 0.3692671 0.556594 0.52091 0.3013383 0.6000152 0.236863 0.6432946 0.3332449 0.405536 0.4612039 0.4580897 0.4665585 0.4743746 0.5673032 0.50628 0.4449189 0.5707551 0.5240242 0.632584 0.438353 0.5371944 0.4020833 0.5425498 0.3495292  
				<TextureCoords1>: 0  
				<Normals>: 98 0.3237338 -0.9461482 -4.013377E-07 0.7534358 -0.6575214 -3.735224E-07 0.7534358 -0.6575215 -3.735224E-07 0.3237338 -0.9461482 -4.013377E-07 0.9812553 -0.1927124 -3.596147E-07 0.7534358 -0.6575215 -3.735224E-07 0.7534358 -0.6575214 -3.735224E-07 0.9812553 -0.1927124 -3.596147E-07 0.9461482 0.323734 -2.165635E-07 0.9812553 -0.1927124 -3.596147E-07 0.9812553 -0.1927124 -3.596147E-07 0.9461482 0.323734 -2.165635E-07 0.9461482 0.323734 -2.165635E-07 0.6575214 0.7534358 0 0.6575215 0.7534358 0 0.9461482 0.323734 -2.165635E-07 0.6575215 0.7534358 0 0.1927124 0.9812553 3.298125E-07 0.1927124 0.9812553 3.298124E-07 0.6575214 0.7534358 0 -0.3237338 0.9461482 4.609427E-07 0.1927124 0.9812553 3.298124E-07 0.1927124 0.9812553 3.298125E-07 -0.3237338 0.9461482 4.609427E-07 -0.7534356 0.6575217 4.967055E-07 -0.3237338 0.9461482 4.609427E-07 -0.3237338 0.9461482 4.609427E-07 -0.7534356 0.6575217 4.967055E-07 -0.9812553 0.1927127 3.317993E-07 -0.9812553 0.1927127 3.317993E-07 -0.7534356 0.6575217 4.967055E-07 -0.7534356 0.6575217 4.967055E-07 -0.9461483 -0.3237333 0 -0.9461483 -0.3237334 0 -0.9812553 0.1927127 3.317993E-07 -0.9812553 0.1927127 3.317993E-07 -0.657522 -0.7534353 -2.145767E-07 -0.9461483 -0.3237334 0 -0.9461483 -0.3237333 0 -0.657522 -0.7534353 -2.145767E-07 -0.1927128 -0.9812553 -3.377594E-07 -0.657522 -0.7534353 -2.145767E-07 -0.657522 -0.7534353 -2.145767E-07 -0.1927128 -0.9812553 -3.377594E-07 0.3237338 -0.9461482 -4.013377E-07 0.3237338 -0.9461482 -4.013377E-07 -0.1927128 -0.9812553 -3.377594E-07 -0.1927128 -0.9812553 -3.377594E-07 -1.880031E-07 2.798958E-07 -1 -1.880031E-07 2.798958E-07 -1 -1.99009E-07 2.725629E-07 -1 -1.91169E-07 2.60075E-07 -1 -1.99009E-07 2.725629E-07 -1 -1.969035E-07 2.686125E-07 -1 -1.91169E-07 2.60075E-07 -1 -1.872557E-07 2.688982E-07 -1 -1.907208E-07 2.724688E-07 -1 -1.969035E-07 2.686125E-07 -1 -1.872557E-07 2.688981E-07 -1 -1.819842E-07 2.847686E-07 -1 -1.819842E-07 2.847685E-07 -1 -1.819844E-07 2.847684E-07 -1 -1.819844E-07 2.847685E-07 -1 -1.969036E-07 2.686123E-07 -1 -1.872556E-07 2.688982E-07 -1 -1.872556E-07 2.688982E-07 -1 -1.911691E-07 2.60075E-07 -1 -1.969036E-07 2.686123E-07 -1 -1.990092E-07 2.725628E-07 -1 -1.990091E-07 2.725628E-07 -1 -1.880033E-07 2.798957E-07 -1 -1.880033E-07 2.798957E-07 -1 -1.911691E-07 2.60075E-07 -1 1.89478E-07 -2.81857E-07 1 1.89478E-07 -2.81857E-07 1 1.89478E-07 -2.81857E-07 1 1.89478E-07 -2.81857E-07 1 1.89478E-07 -2.81857E-07 1 1.89478E-07 -2.81857E-07 1 1.89478E-07 -2.81857E-07 1 1.89478E-07 -2.81857E-07 1 1.89478E-07 -2.81857E-07 1 1.89478E-07 -2.81857E-07 1 1.89478E-07 -2.81857E-07 1 1.89478E-07 -2.81857E-07 1 1.89478E-07 -2.81857E-07 1 1.89478E-07 -2.81857E-07 1 1.89478E-07 -2.81857E-07 1 1.89478E-07 -2.81857E-07 1 1.89478E-07 -2.81857E-07 1 1.89478E-07 -2.81857E-07 1 1.89478E-07 -2.81857E-07 1 1.89478E-07 -2.81857E-07 1 1.89478E-07 -2.81857E-07 1 1.89478E-07 -2.81857E-07 1 1.89478E-07 -2.81857E-07 1 1.89478E-07 -2.81857E-07 1 1.89478E-07 -2.81857E-07 1  
				<Tangents>: 98 0.9409287 0.3219479 -0.1048942 0.6538941 0.7492794 -0.1048952 0.6538941 0.7492794 -0.1048959 0.9409287 0.3219479 -0.1048935 0.1543806 0.7860781 -0.5985381 0.5267327 0.6035689 -0.5985459 0.526734 0.6035704 -0.5985433 0.1543809 0.78608 -0.5985355 -0.1288204 0.376491 -0.9174202 0.07668197 0.390452 -0.9174243 0.07668255 0.390455 -0.9174228 -0.1288213 0.3764939 -0.9174188 0.03171253 -0.09268402 -0.9951904 0.07380502 -0.06440933 -0.9951905 0.07380453 -0.0644089 -0.9951906 0.03171276 -0.09268468 -0.9951904 0.4308667 -0.3760161 -0.8203449 0.561152 -0.1102064 -0.8203432 0.5611532 -0.1102067 -0.8203424 0.4308658 -0.3760153 -0.8203458 0.8579702 0.293563 -0.4215541 0.8898054 -0.1747521 -0.4215545 0.8898054 -0.174752 -0.4215544 0.8579702 0.293563 -0.4215541 0.6538938 0.7492785 0.1049018 0.9409282 0.3219476 0.1048997 0.940928 0.3219476 0.1049003 0.6538938 0.7492785 0.1049025 0.1543818 0.7860807 0.5985343 0.1543818 0.7860804 0.5985348 0.5267395 0.6035755 0.5985333 0.5267397 0.6035757 0.5985329 -0.1288231 0.3765005 0.9174159 -0.1288225 0.3764987 0.9174167 0.07668713 0.3904743 0.9174142 0.0766875 0.3904762 0.9174134 0.07378625 -0.06439345 0.995193 0.03170278 -0.09265503 0.9951934 0.03170329 -0.09265653 0.9951932 0.07378746 -0.0643945 0.9951929 0.5611364 -0.1102042 0.8203542 0.430856 -0.3760076 0.8203544 0.4308561 -0.3760077 0.8203543 0.5611366 -0.1102042 0.820354 0.857962 0.2935599 0.421573 0.8579622 0.2935599 0.4215725 0.8897963 -0.1747509 0.4215739 0.8897961 -0.1747509 0.4215744 0.9436045 0.331075 0 0.9436044 0.3310751 0 0.9436045 0.331075 0 0.9436045 0.331075 0 0.9436045 0.331075 0 0.9436045 0.331075 0 0.9436045 0.331075 0 0.9436045 0.331075 0 0.9436045 0.3310747 0 0.9436045 0.3310749 0 0.9436046 0.3310746 0 0.9436045 0.3310747 0 0.9436045 0.3310747 0 0.9436046 0.3310746 0 0.9436043 0.3310755 0 0.9436044 0.3310751 0 0.9436045 0.3310749 0 0.9436045 0.3310747 0 0.9436046 0.3310747 0 0.9436045 0.3310751 0 0.9436044 0.3310752 0 0.9436045 0.3310747 0 0.9436045 0.3310749 0 0.9436045 0.3310748 0 0.9436046 0.3310747 0 0.8823598 0.4705752 0 0.8823585 0.4705778 0 0.8823584 0.4705778 0 0.8823597 0.4705756 0 0.8823597 0.4705756 0 0.8823602 0.4705746 0 0.8823598 0.4705755 0 0.8823646 0.4705664 0 0.8823629 0.4705696 0 0.8823599 0.4705751 0 0.8823643 0.470567 0 0.8823605 0.4705741 0 0.8823606 0.4705737 0 0.8823622 0.4705709 0 0.8823671 0.4705617 0 0.8823676 0.4705606 0 0.8823675 0.470561 0 0.8823619 0.4705713 0 0.8823644 0.4705667 0 0.8823648 0.470566 0 0.8823665 0.4705628 0 0.8823669 0.470562 0 0.8823671 0.4705617 0 0.8823671 0.4705619 0 0.8823673 0.4705615 0  
				<BiTangents>: 98 -0.09924554 -0.03395741 -0.9944834 -0.06897115 -0.07903158 -0.9944833 -0.06897157 -0.07903206 -0.9944832 -0.09924494 -0.0339572 -0.9944835 -0.115346 -0.5873186 -0.8010944 -0.393557 -0.4509657 -0.8010885 -0.3935553 -0.4509638 -0.8010905 -0.1153455 -0.5873161 -0.8010963 0.2970001 -0.8680155 -0.3979198 -0.1767991 -0.9002272 -0.3979106 -0.1767989 -0.900226 -0.3979137 0.2969996 -0.8680142 -0.3979229 0.322177 -0.9415976 0.09795925 0.7498122 -0.6543592 0.09795787 0.7498122 -0.6543592 0.09795721 0.322177 -0.9415975 0.09795994 0.6180772 -0.5393944 0.5718691 0.8049661 -0.1580905 0.5718715 0.8049653 -0.1580903 0.5718727 0.6180779 -0.5393949 0.5718678 0.3988529 0.1364709 0.9068033 0.4136525 -0.08123907 0.9068031 0.4136525 -0.08123904 0.9068031 0.3988529 0.1364709 0.9068033 -0.06897485 -0.07903709 0.9944826 -0.09925048 -0.03396 0.9944828 -0.09925109 -0.03396021 0.9944828 -0.06897528 -0.07903758 0.9944825 -0.1153449 -0.587315 0.8010972 -0.115345 -0.5873154 0.8010967 -0.3935483 -0.4509566 0.8010979 -0.3935481 -0.4509563 0.8010982 0.2969981 -0.8680115 0.3979297 0.2969984 -0.8680124 0.3979278 -0.1767972 -0.9002175 0.3979335 -0.176797 -0.9002167 0.3979355 0.7498136 -0.6543613 -0.09793328 0.3221773 -0.9416006 -0.09792865 0.3221773 -0.9416005 -0.09793025 0.7498135 -0.6543612 -0.09793488 0.8049769 -0.1580926 -0.5718558 0.6180841 -0.539401 -0.5718555 0.618084 -0.5394009 -0.5718556 0.8049766 -0.1580925 -0.571856 0.3988704 0.1364778 -0.9067944 0.39887 0.1364776 -0.9067947 0.4136717 -0.08124239 -0.9067941 0.4136721 -0.08124249 -0.9067938 -0.331075 0.9436045 3.26354E-07 -0.3310752 0.9436044 3.263541E-07 -0.331075 0.9436045 3.230785E-07 -0.331075 0.9436045 3.086992E-07 -0.331075 0.9436045 3.230785E-07 -0.331075 0.9436045 3.186538E-07 -0.331075 0.9436045 3.086992E-07 -0.331075 0.9436045 3.157292E-07 -0.3310748 0.9436045 3.202456E-07 -0.3310749 0.9436045 3.186537E-07 -0.3310746 0.9436046 3.157291E-07 -0.3310748 0.9436045 3.289593E-07 -0.3310748 0.9436045 3.289593E-07 -0.3310746 0.9436046 3.289592E-07 -0.3310755 0.9436043 3.289593E-07 -0.3310751 0.9436044 3.186536E-07 -0.3310749 0.9436045 3.157292E-07 -0.3310747 0.9436045 3.157292E-07 -0.3310747 0.9436046 3.086992E-07 -0.3310751 0.9436045 3.186536E-07 -0.3310752 0.9436044 3.230784E-07 -0.3310748 0.9436045 3.230784E-07 -0.3310749 0.9436045 3.263541E-07 -0.3310749 0.9436045 3.26354E-07 -0.3310747 0.9436046 3.086992E-07 0.4705753 -0.8823599 -3.37863E-07 0.4705778 -0.8823585 -3.378631E-07 0.4705779 -0.8823585 -3.378631E-07 0.4705756 -0.8823597 -3.37863E-07 0.4705756 -0.8823596 -3.37863E-07 0.4705746 -0.8823602 -3.378629E-07 0.4705755 -0.8823598 -3.37863E-07 0.4705664 -0.8823646 -3.378626E-07 0.4705696 -0.8823629 -3.378628E-07 0.4705751 -0.8823599 -3.378629E-07 0.470567 -0.8823643 -3.378627E-07 0.4705741 -0.8823605 -3.378629E-07 0.4705737 -0.8823607 -3.378629E-07 0.4705709 -0.8823621 -3.378628E-07 0.4705617 -0.8823671 -3.378624E-07 0.4705607 -0.8823677 -3.378624E-07 0.470561 -0.8823675 -3.378624E-07 0.4705713 -0.882362 -3.378629E-07 0.4705667 -0.8823645 -3.378627E-07 0.470566 -0.8823648 -3.378626E-07 0.4705628 -0.8823665 -3.378625E-07 0.470562 -0.8823669 -3.378624E-07 0.4705617 -0.8823671 -3.378624E-07 0.4705618 -0.882367 -3.378624E-07 0.4705615 -0.8823673 -3.378624E-07  
				<SubMeshes>: 1
					<SubMesh>: 0 288 0 1 2 0 3 1 4 5 6 6 7 4 8 9 10 10 11 8 12 13 14 12 15 13 16 17 18 16 19 17 20 21 22 22 23 20 24 25 26 26 27 24 28 29 30 30 31 28 32 33 34 34 35 32 36 37 38 38 39 36 40 41 42 42 43 40 44 45 46 46 47 44 48 49 50 51 49 48 50 52 48 52 50 53 48 54 51 55 51 54 56 48 52 56 54 48 52 57 56 53 57 52 58 54 56 54 58 55 57 59 56 59 57 53 53 60 59 55 58 61 61 58 56 61 62 55 63 62 61 64 59 60 56 59 64 60 65 64 64 65 66 61 67 63 56 67 61 63 67 68 56 68 67 63 68 69 70 69 68 70 68 56 71 69 70 66 71 70 56 64 72 66 72 64 70 72 66 72 70 56 73 74 75 75 74 76 75 77 73 78 73 77 79 75 76 76 80 79 77 75 81 75 79 81 81 82 77 77 82 78 79 83 81 79 80 83 84 82 81 84 78 82 85 78 84 86 85 84 87 83 80 81 83 87 80 88 87 87 88 89 84 90 86 90 84 81 86 90 91 91 90 81 91 92 86 92 91 93 81 93 91 92 93 94 95 94 93 93 96 95 89 95 96 96 93 81 89 97 87 96 97 89 87 97 81 97 96 81  
			</Mesh>
			<Materials>: 1
				<Material>: 0
					<AlbedoColor>: 1 1 1 1
					<EmissiveColor>: 0 0 0 1
					<Glossiness>: 1
					<Metallic>: 0
					<SpecularHighlight>: 1
					<GlossyReflection>: 1
					<AlbedoMap>:Siren_Siren_Cap_BaseColor
					<MetallicMap>: null
					<NormalMap>:Siren_Siren_Cap_Normal
					<EmissionMap>: null
					<DetailAlbedoMap>: null
					<DetailNormalMap>: null
			</Materials>
			<Children>: 0
		</Frame>
		<Frame>: 3 0 Siren_Cap
			<Transform>: 0 0 0 270 346 0 1 1 1 -0.7018361 -0.08617473 -0.08617473 0.7018361  
			<TransformMatrix>: 0.9702957 0 0.2419222 0 0.2419222 0 -0.9702957 0 0 1 0 0 0 0 0 1  
			<Mesh>: 180 Siren_Cap
				<Bounds>: 8.195639E-08 -0.0760908 0.257106 0.207667 0.1263555 0.257222
				<Positions>: 180 -0.2076669 -0.05026549 0.1296781 -0.2076669 -0.05026549 8.909235E-06 -0.1543688 -0.1487838 8.915851E-06 -0.1543688 -0.1487838 0.1296781 -0.06113563 -0.201536 8.925049E-06 -0.1448186 -0.1379405 0.1412009 -0.1943868 -0.0470507 0.1412009 -0.1943868 -0.0470507 0.3163279 -0.06113564 -0.201536 0.1296781 0.04900147 -0.2024463 8.934697E-06 0.04900146 -0.2024463 0.1296781 0.1465314 -0.1512709 8.942206E-06 -0.05644634 -0.1918693 0.1412009 -0.1448186 -0.1379405 0.3163279 0.1465314 -0.1512709 0.1296781 0.205321 -0.06172205 8.945567E-06 -0.1333802 -0.1270453 0.392249 -0.1790333 -0.0433344 0.392249 0.205321 -0.06172205 0.1296781 0.2076671 0.05026475 8.943548E-06 0.2076671 0.05026475 0.1296781 0.1918693 -0.05644631 0.1412009 0.1943868 0.0470507 0.1412009 0.1379405 -0.1448186 0.1412009 0.04705067 -0.1943868 0.1412009 -0.05644635 -0.1918693 0.3163279 0.1918693 -0.05644631 0.316328 0.1943868 0.0470507 0.316328 0.1379405 -0.1448186 0.3163279 0.04705066 -0.1943868 0.3163279 -0.05198796 -0.1767145 0.392249 0.1767145 -0.05198791 0.392249 0.1790332 0.04333442 0.392249 0.1270453 -0.1333801 0.392249 0.04333437 -0.1790332 0.392249 -0.03971455 -0.1349954 0.4564552 0.1349954 -0.03971449 0.4564552 0.1367667 0.03310394 0.4564552 0.07394084 0.01789716 0.4992948 0.09705215 -0.1018915 0.4564552 0.07298321 -0.02147105 0.4992948 -4.528266E-08 1.153201E-08 0.5143279 0.05246979 -0.0550861 0.4992948 0.03310389 -0.1367667 0.4564552 -0.1018915 -0.0970522 0.4564552 -0.1367667 -0.03310392 0.4564552 0.0178971 -0.07394087 0.4992948 -0.0214711 -0.07298325 0.4992948 -0.05508615 -0.05246982 0.4992948 -0.07394093 -0.01789714 0.4992948 -4.528266E-08 1.153201E-08 0.5143279 0.07394084 0.01789716 0.4992948 0.06607072 0.01599233 0.4811364 -7.20237E-08 1.274715E-07 0.4944992 -0.06607085 -0.01599211 0.4811364 -0.07394093 -0.01789714 0.4992948 -4.528266E-08 1.153201E-08 0.5143279 -7.20237E-08 1.274715E-07 0.4944992 0.1230414 0.02978196 0.4428074 0.06607072 0.01599233 0.4811364 0.07394084 0.01789716 0.4992948 0.1367667 0.03310394 0.4564552 -0.07394093 -0.01789714 0.4992948 -0.06607085 -0.01599211 0.4811364 -0.1230415 -0.0297816 0.4428074 -0.1367667 -0.03310392 0.4564552 0.1615705 0.03910787 0.3848996 0.1230414 0.02978196 0.4428074 0.1367667 0.03310394 0.4564552 0.1790332 0.04333442 0.392249 -0.1367667 -0.03310392 0.4564552 -0.1230415 -0.0297816 0.4428074 -0.1615707 -0.03910742 0.3848996 -0.1790333 -0.0433344 0.392249 0.1943868 0.0470507 0.316328 0.1756995 0.04252776 0.3143816 0.1615705 0.03910787 0.3848996 0.1790332 0.04333442 0.392249 -0.1615707 -0.03910742 0.3848996 -0.1756997 -0.04252729 0.3143816 -0.1943868 -0.0470507 0.3163279 -0.1790333 -0.0433344 0.392249 0.1876555 0.04542127 0.1296189 0.2076671 0.05026475 0.1296781 0.2076671 0.05026475 8.943548E-06 0.1876079 0.04540975 8.941891E-06 0.1876079 0.04540975 8.941891E-06 0.2076671 0.05026475 8.943548E-06 0.205321 -0.06172205 8.945567E-06 0.1850038 -0.056361 -0.0001159829 0.1850038 -0.056361 -0.0001159829 0.1465314 -0.1512709 8.942206E-06 0.1320733 -0.1369497 8.940658E-06 0.205321 -0.06172205 8.945567E-06 0.1320733 -0.1369497 8.940658E-06 0.04900147 -0.2024463 8.934697E-06 0.0442964 -0.1830077 8.933898E-06 0.1465314 -0.1512709 8.942206E-06 -0.05482699 -0.1821883 8.925217E-06 0.0442964 -0.1830077 8.933898E-06 0.04900147 -0.2024463 8.934697E-06 -0.06113563 -0.201536 8.925049E-06 -0.06113563 -0.201536 8.925049E-06 -0.1543688 -0.1487838 8.915851E-06 -0.1387368 -0.1347114 8.916938E-06 -0.05482699 -0.1821883 8.925217E-06 -0.1943868 -0.0470507 0.3163279 -0.1756997 -0.04252729 0.3143816 -0.1943868 -0.0470507 0.1412009 -0.1756774 -0.0425219 0.1411564 -0.1876079 -0.04541002 8.910892E-06 -0.1387368 -0.1347114 8.916938E-06 -0.1543688 -0.1487838 8.915851E-06 -0.2076669 -0.05026549 8.909235E-06 -0.1387368 -0.1347114 8.916938E-06 -0.1876079 -0.04541002 8.910892E-06 -0.1876555 -0.04542154 0.1296189 -0.1387766 -0.1347471 0.1296168 -0.1303919 -0.1241991 0.1411549 -0.1756774 -0.0425219 0.1411564 -0.05484304 -0.1822375 0.1296169 -0.05482699 -0.1821883 8.925217E-06 0.04430835 -0.1830571 0.1296169 0.0442964 -0.1830077 8.933898E-06 0.1320733 -0.1369497 8.940658E-06 -0.1304104 -0.1242166 0.3143136 -0.1756997 -0.04252729 0.3143816 -0.05082323 -0.1727555 0.1411549 -0.1199764 -0.1142781 0.3846769 -0.1615707 -0.03910742 0.3848996 -0.09147809 -0.08713336 0.4425564 -0.1230415 -0.0297816 0.4428074 -0.06607085 -0.01599211 0.4811364 -0.0491881 -0.0468519 0.4810286 -7.20237E-08 1.274715E-07 0.4944992 -0.0191722 -0.06516896 0.4810286 -0.03565568 -0.1211987 0.4425564 -0.04676352 -0.1589559 0.3846769 -0.05083042 -0.1727799 0.3143136 0.04236952 -0.175047 0.3143136 0.03897956 -0.1610416 0.3846769 0.02972063 -0.122789 0.4425564 0.01598087 -0.06602406 0.4810286 0.04685186 -0.04918806 0.4810286 0.08713332 -0.09147805 0.4425564 0.06516892 -0.01917215 0.4810286 0.06607072 0.01599233 0.4811364 0.1211987 -0.03565563 0.4425564 0.1230414 0.02978196 0.4428074 0.1615705 0.03910787 0.3848996 0.1589559 -0.04676348 0.3846769 0.1756995 0.04252776 0.3143816 0.1142781 -0.1199763 0.3846769 0.1727799 -0.05083038 0.3143137 0.1756773 0.04252236 0.1411565 0.1242166 -0.1304104 0.3143136 0.1727555 -0.05082321 0.1411549 0.1876555 0.04542127 0.1296189 0.1241991 -0.130392 0.1411549 0.1850159 -0.05636422 0.12962 0.1876079 0.04540975 8.941891E-06 0.1850038 -0.056361 -0.0001159829 0.1321101 -0.1369862 0.1296169 0.04236356 -0.1750223 0.1411549 0.1876555 0.04542127 0.1296189 0.1756773 0.04252236 0.1411565 0.1943868 0.0470507 0.1412009 0.2076671 0.05026475 0.1296781 -0.2076669 -0.05026549 0.1296781 -0.1876555 -0.04542154 0.1296189 -0.2076669 -0.05026549 8.909235E-06 -0.1876079 -0.04541002 8.910892E-06 -0.1943868 -0.0470507 0.1412009 -0.1756774 -0.0425219 0.1411564 -0.1876555 -0.04542154 0.1296189 -0.2076669 -0.05026549 0.1296781 0.1756995 0.04252776 0.3143816 0.1943868 0.0470507 0.316328 0.1943868 0.0470507 0.1412009 0.1756773 0.04252236 0.1411565  
				<Colors>: 0  
				<TextureCoords0>: 180 0.7394391 0.4403988 0.7582049 0.5631791 0.6528367 0.5833702 0.6381119 0.4623227 0.548196 0.5986229 0.6394655 0.4452952 0.7366796 0.4200312 0.7014607 0.2494475 0.5401955 0.4781407 0.4378041 0.6045029 0.4377035 0.4841921 0.3274035 0.5988061 0.5396796 0.4664397 0.6140113 0.2831727 0.3352018 0.4783105 0.2227384 0.5837278 0.5913177 0.215436 0.6627169 0.1707811 0.2372594 0.4626555 0.117337 0.5637137 0.1358955 0.4409018 0.2358762 0.44563 0.1386191 0.4205291 0.3356972 0.4666085 0.437695 0.4744605 0.5265289 0.3077872 0.2610549 0.2834638 0.1735492 0.2498844 0.3485785 0.3079337 0.4375612 0.3167475 0.5158678 0.2439832 0.2836353 0.2156876 0.2121627 0.1711507 0.3591319 0.2441113 0.437508 0.2539251 0.4983872 0.1803166 0.3205555 0.1530477 0.2746648 0.1084093 0.3526142 0.0696665 0.3765051 0.1804143 0.3719259 0.09820306 0.4373533 0.05369973 0.4020387 0.1163438 0.4374533 0.1897337 0.5542942 0.1528596 0.6001137 0.1081464 0.4373912 0.1227373 0.4727418 0.1162953 0.5028356 0.09810424 0.5221067 0.06953478 0.4373533 0.05369973 0.3526142 0.0696665 0.3597816 0.04973334 0.4239361 0.03756249 0.5149136 0.04961348 0.5221067 0.06953478 0.4373533 0.05369973 0.4507405 0.03754103 0.2764392 0.0873583 0.3353563 0.05758893 0.3526142 0.0696665 0.2746648 0.1084093 0.5221067 0.06953478 0.5393415 0.05742741 0.5983075 0.08709967 0.6001137 0.1081464 0.2075936 0.1503794 0.2540285 0.1032744 0.2746648 0.1084093 0.2121627 0.1711507 0.6001137 0.1081464 0.6207394 0.1029757 0.6672526 0.1500034 0.6627169 0.1707811 0.1735492 0.2498844 0.1613176 0.2336284 0.1913547 0.1727741 0.2121627 0.1711507 0.6835266 0.1723684 0.7136655 0.2331723 0.7014607 0.2494475 0.6627169 0.1707811 0.1165502 0.4390401 0.1358955 0.4409018 0.117337 0.5637137 0.09825128 0.5598243 0.119552 0.5832764 0.117337 0.5637137 0.2227384 0.5837278 0.2137377 0.6016149 0.228644 0.6035454 0.3274035 0.5988061 0.3185869 0.6165388 0.2227384 0.5837278 0.3907104 0.7004617 0.4378041 0.6045029 0.4979588 0.7060086 0.3274035 0.5988061 0.5400202 0.6173632 0.4467222 0.6223438 0.4378041 0.6045029 0.548196 0.5986229 0.548196 0.5986229 0.6528367 0.5833702 0.6469606 0.6032163 0.5570429 0.616341 0.7014607 0.2494475 0.7204954 0.2520441 0.7366796 0.4200312 0.7535397 0.4119368 0.7560228 0.5827456 0.6618759 0.6012594 0.6528367 0.5833702 0.7582049 0.5631791 0.2212155 0.6049778 0.1186616 0.5885478 0.1378982 0.4577134 0.237824 0.4756616 0.2373297 0.4574181 0.1436305 0.4378545 0.3325476 0.4897754 0.3219776 0.6187751 0.4314877 0.4966769 0.4285878 0.6257324 0.535402 0.6235694 0.2630949 0.2844067 0.1763924 0.2554268 0.3335187 0.4762474 0.2862994 0.2150441 0.2154527 0.1721623 0.3239876 0.1532595 0.2796855 0.1083263 0.3580299 0.07160318 0.375992 0.1005927 0.4413268 0.0597868 0.4051513 0.1191536 0.378564 0.1808839 0.36026 0.2428997 0.3487008 0.3072925 0.4355224 0.316963 0.4369426 0.2536993 0.4383463 0.1911915 0.4398077 0.1261846 0.4747354 0.1207343 0.498533 0.1835919 0.5047147 0.1035265 0.5239726 0.07536834 0.5543001 0.1584553 0.6005762 0.1155574 0.6618748 0.1822047 0.5891736 0.2218624 0.697157 0.2671348 0.514034 0.2463629 0.6092402 0.292192 0.7216944 0.4508466 0.5226915 0.3112066 0.6272126 0.4661854 0.7265285 0.4709389 0.5302752 0.4806705 0.6258979 0.4843761 0.7398724 0.6025031 0.6366948 0.6144388 0.5306388 0.4942262 0.4317507 0.4849582 0.1243159 0.4251693 0.1241054 0.4092589 0.1386191 0.4205291 0.1358955 0.4409018 0.7394391 0.4403988 0.7587815 0.4385043 0.7582049 0.5631791 0.7772843 0.5592575 0.7366796 0.4200312 0.751173 0.4087352 0.7509907 0.4246459 0.7394391 0.4403988 0.1545184 0.2525141 0.1735492 0.2498844 0.1386191 0.4205291 0.1217452 0.4124625  
				<TextureCoords1>: 0  
				<Normals>: 180 -0.8100613 -0.4388865 0.3888179 -0.8795215 -0.4758591 0 -0.7138457 -0.700303 0 -0.6548289 -0.6471038 0.3904558 -0.2585677 -0.9659931 0 -0.6472822 -0.6179079 0.4463357 -0.7880032 -0.4290049 0.4415946 -0.8737704 -0.4765109 0.09727632 -0.2474413 -0.9020233 0.3537328 0.2352588 -0.9719328 0 0.2231956 -0.9221542 0.3159356 0.6716896 -0.7408327 0 -0.2403669 -0.8893719 0.3888976 -0.7204222 -0.6861845 0.1007103 0.6325641 -0.6890208 0.3537132 0.9550586 -0.2964172 0 -0.6701043 -0.638349 0.3787754 -0.8165576 -0.4452824 0.3673651 0.878275 -0.2760701 0.390408 0.999781 -0.02093208 0 0.9210622 -0.0198365 0.3889099 0.858183 -0.2535541 0.4463543 0.8969562 -0.02116992 0.4416122 0.6204581 -0.6810162 0.3889069 0.2205902 -0.9113532 0.3475273 -0.2808169 -0.9544628 0.1007107 0.9544628 -0.2808169 0.1007107 0.9949629 -0.02417783 0.09728356 0.6861374 -0.7204681 0.1007034 0.2340256 -0.9670007 0.1007054 -0.261289 -0.8879725 0.3784613 0.8879725 -0.261289 0.3784613 0.9298096 -0.02260152 0.3673463 0.6383082 -0.6701568 0.3787511 0.2177549 -0.8996341 0.378472 -0.2029436 -0.6898127 0.694962 0.6898127 -0.2029436 0.694962 0.730756 -0.0177611 0.6824076 0.4190091 -0.01020462 0.9079247 0.4959479 -0.5206451 0.6949564 0.3907845 -0.1149464 0.913277 0.03072585 -0.1269422 0.9914341 0.2809199 -0.2949397 0.9132877 0.1691625 -0.6988682 0.6949586 -0.5206698 -0.495876 0.6949893 -0.6417167 -0.3499688 0.682438 0.09582525 -0.3958901 0.9132844 -0.1149464 -0.3907845 0.913277 -0.2949397 -0.2809199 0.9132877 -0.3679825 -0.2006928 0.9079159 -0.2352535 0.971934 0 -0.2352247 0.971941 0 -0.2352247 0.971941 0 -0.2352535 0.971934 0 -0.2352247 0.971941 0 -0.2352247 0.971941 0 -0.2352535 0.971934 0 -0.2352535 0.971934 0 -0.2352697 0.9719301 0 -0.2352247 0.971941 0 -0.2352247 0.971941 0 -0.2352697 0.9719301 0 -0.2352247 0.971941 0 -0.2352247 0.971941 0 -0.2352697 0.9719301 0 -0.2352697 0.9719301 0 -0.2353598 0.9719083 0 -0.2352697 0.9719301 0 -0.2352697 0.9719301 0 -0.2351797 0.9719519 0 -0.2352697 0.9719301 0 -0.2352697 0.9719301 0 -0.2353598 0.9719083 0 -0.2351797 0.9719519 0 -0.2351797 0.9719519 0 -0.2351797 0.9719519 0 -0.2353598 0.9719083 0 -0.2351797 0.9719519 0 -0.2353598 0.9719083 0 -0.2351797 0.9719519 0 -0.2351797 0.9719519 0 -0.2351797 0.9719519 0 -0.2351797 0.9719519 0 -0.2351797 0.9719519 0 -0.2351797 0.9719519 0 -0.2351797 0.9719519 0 0.003051759 0.0005245211 -0.9999952 0.003051758 0.0005245209 -0.9999952 0.002861022 -0.000810623 -0.9999956 0.002670289 -0.0009059909 -0.9999961 0.002670289 -0.0009059909 -0.9999961 0.001239776 -0.001239776 -0.9999985 0.001049042 -0.001049042 -0.9999989 0.002861022 -0.000810623 -0.9999956 0.001049042 -0.001049042 -0.9999989 0 0 -1 0 0 -1 0.001239776 -0.001239776 -0.9999985 0 0 -1 0 0 -1 0 0 -1 0 0 -1 0 0 -1 0 0 -1 0 0 -1 0 0 -1 -0.2351797 0.9719519 0 -0.2351797 0.9719519 0 -0.2351797 0.9719519 0 -0.2351797 0.9719519 0 0 0 -1 0 0 -1 0 0 -1 0 0 -1 0.7120957 0.7020823 0.0004026326 0.8772168 0.4800945 0.0003832627 0.8149003 0.4470316 -0.3689179 0.6568562 0.6542814 -0.3747742 0.6546752 0.6244447 -0.4259919 0.7951796 0.4395518 -0.4177125 0.2471104 0.9054675 -0.3450581 0.2586598 0.9659684 0.0003985896 -0.2234919 0.9231499 -0.3128029 -0.2352138 0.9719436 0.000392239 -0.6718417 0.7406948 0.0003212493 0.7182001 0.688732 -0.09918047 0.8705539 0.482629 -0.09594404 0.2444712 0.8916737 -0.3809879 0.6681303 0.6408558 -0.3780287 0.8132821 0.4509386 -0.3677317 0.5173911 0.4966993 -0.6968474 0.6368639 0.3535749 -0.6851199 0.3639094 0.2031494 -0.9090106 0.2924221 0.2814556 -0.9139322 -0.03106413 0.1283397 -0.9912436 0.1145904 0.3895169 -0.913863 0.2024843 0.6883466 -0.696548 0.2612826 0.8881701 -0.3780016 0.2808139 0.9546434 -0.09899299 -0.2340632 0.9671497 -0.09917528 -0.2178112 0.8999524 -0.3776824 -0.1688038 0.697341 -0.696578 -0.09552018 0.3946197 -0.9138661 -0.2800085 0.2939779 -0.9138775 -0.4948533 0.5195531 -0.6965521 -0.3887795 0.1166005 -0.9139227 -0.4165468 0.01424489 -0.9090027 -0.6872401 0.2051136 -0.6968712 -0.7280937 0.02319696 -0.6850851 -0.9294703 0.02913535 -0.3677444 -0.8872358 0.2643682 -0.3780504 -0.9949012 0.03109066 -0.09594234 -0.6385238 0.6703737 -0.3780031 -0.9536661 0.2840495 -0.09918127 -0.9082613 0.02732222 -0.4175103 -0.686343 0.7204837 -0.09917975 -0.8678479 0.2559674 -0.4258177 -0.9291658 0.02489348 -0.3688241 -0.6252743 0.6811551 -0.3808671 -0.8833541 0.2815441 -0.3747245 -0.9996684 0.0257499 0.0002295597 -0.9543135 0.2988071 0.000244955 -0.6339075 0.692177 -0.3450395 -0.220901 0.9125934 -0.3440582 -0.2351797 0.9719519 0 -0.2351797 0.9719519 0 -0.2351797 0.9719519 0 -0.2351797 0.9719519 0 -0.2351797 0.9719519 0 -0.2351797 0.9719519 0 -0.2351797 0.9719519 0 -0.2351797 0.9719519 0 -0.2351797 0.9719519 0 -0.2351797 0.9719519 0 -0.2351797 0.9719519 0 -0.2351797 0.9719519 0 -0.2351797 0.9719519 0 -0.2351797 0.9719519 0 -0.2351797 0.9719519 0 -0.2351797 0.9719519 0  
				<Tangents>: 180 -0.5303531 0.8312337 -0.166662 -0.4674636 0.8640043 -0.1870147 -0.6888985 0.7022205 -0.1797369 -0.7399068 0.6542144 -0.1566575 -0.9602436 0.2570287 -0.108943 -0.7413796 0.6464279 -0.1802429 -0.5461109 0.8182337 -0.1796011 -0.4790847 0.8089265 -0.3407577 -0.9684272 0.2188086 -0.1194642 -0.9719319 -0.2352587 -0.001275398 -0.9718463 -0.2356126 -0.001137314 -0.7366154 -0.6678659 0.1065503 -0.9695581 0.2007027 -0.1402692 -0.6774048 0.6650706 -0.3143307 -0.7608299 -0.6382562 0.117332 -0.2917584 -0.9400476 0.1766 -0.7418002 0.557834 -0.3722281 -0.5740565 0.6933578 -0.4355619 -0.3577956 -0.9210837 0.1535808 -0.02053517 -0.9808224 0.1938193 -0.09215368 -0.9814374 0.1681906 -0.3625011 -0.9149822 0.177202 -0.1175578 -0.9743158 0.1920645 -0.7699982 -0.6230848 0.1373613 -0.9717869 -0.2358547 -0.001669643 -0.9475014 0.2589807 -0.1875365 -0.298283 -0.904282 0.3054528 -0.05667817 -0.936146 0.3470134 -0.7245858 -0.6645166 0.1827379 -0.9718969 -0.2353995 -0.001814324 -0.9588015 0.1934769 -0.2080058 -0.4041258 -0.8361155 0.3709356 -0.1930042 -0.8798029 0.4343919 -0.7641295 -0.6111302 0.2064604 -0.9718601 -0.2355589 0 -0.9762823 0.08788478 -0.1978614 -0.5910595 -0.7122034 0.3787016 -0.435903 -0.7814558 0.4464476 -0.7385588 -0.5854889 0.3342658 -0.8275926 -0.5257203 0.1967448 -0.803239 -0.5271456 0.2773528 -0.9717209 -0.2361325 0 -0.8939841 -0.4265699 0.1372246 -0.9718033 -0.2357929 0 -0.8514276 0.3616947 -0.3798 -0.7493195 0.4757494 -0.460633 -0.9717807 -0.2358862 0 -0.9899704 -0.03095115 -0.137843 -0.9546975 0.1261871 -0.2694986 -0.9239482 0.1886003 -0.3327908 -0.8966939 -0.2170419 0.3857887 -0.8944955 -0.2164817 0.3911691 -0.8948913 -0.2165775 0.3902101 -0.8972011 -0.2171646 0.3845382 -0.8955101 -0.2167272 -0.3887044 -0.8951077 -0.2166298 -0.3896843 -0.8973433 -0.217199 -0.384187 -0.897859 -0.2173239 -0.3829093 -0.4704008 -0.1138673 0.8750755 -0.4100032 -0.09922709 0.9066705 -0.4230516 -0.102385 0.9003026 -0.4805013 -0.1163123 0.8692468 -0.4249316 -0.10284 -0.8993648 -0.4120382 -0.09971958 -0.9056934 -0.4717224 -0.1141872 -0.8743222 -0.4817052 -0.1166037 -0.8685411 0.1660054 0.04020029 0.9853051 0.4283589 0.1036905 0.8976397 0.3757235 0.0909493 0.9222581 0.1203634 0.02912389 0.9923027 0.3736323 0.09044308 -0.923157 0.4261084 0.1031457 -0.8987728 0.1646913 0.03988207 -0.9855385 0.1192289 0.02884938 -0.9924475 0.6555191 0.1586136 0.7383336 0.5772727 0.1396806 0.8045157 0.8975924 0.2173633 0.3835115 0.9267285 0.2242371 0.3014833 0.8969617 0.2172105 -0.3850704 0.5764024 0.13947 -0.805176 0.6546477 0.1584027 -0.7391515 0.9262077 0.2241111 -0.3031727 0.9662679 0.2338044 0.1079895 0.9672853 0.2340505 0.09787415 0.9545792 0.2309761 0.1882248 0.9526701 0.2305141 0.1981992 0.1674476 -0.985881 0 0.1674403 -0.9858823 0 0.1674974 -0.9858717 0.001278389 0.1675072 -0.98587 0.001340487 -0.4201558 -0.907452 0 -0.4212908 -0.9069257 0 -0.4215052 -0.906826 0 -0.4199997 -0.9075243 0 -0.880822 -0.4734476 0 -0.8805463 -0.4739602 0 -0.8804958 -0.4740538 0 -0.8808575 -0.4733817 0 -0.9979383 0.06418012 0 -0.9980719 0.06206819 0 -0.9980515 0.06239416 0 -0.9979235 0.06441011 0 -0.7883393 0.6152408 0 -0.7874827 0.6163367 0 -0.7875863 0.6162044 0 -0.788482 0.6150579 0 0.9712722 0.2350152 0.0373934 0.9719254 0.2351732 0.007401566 0.8961712 0.2168433 -0.3871127 0.8837318 0.2138334 -0.4162851 -0.3003287 0.9538358 0 -0.3002435 0.9538625 0 -0.3002567 0.9538584 0 -0.3003385 0.9538326 0 0.6929972 -0.7029728 0.1599503 0.47402 -0.8662436 0.1578832 0.5251371 -0.8388258 0.1435354 0.7374632 -0.6610349 0.1384951 0.7322778 -0.6637201 0.152462 0.5423239 -0.8236764 0.1656559 0.9686583 -0.2215548 0.112314 0.9601246 -0.2571403 0.1097254 0.9697628 0.2428761 0.0239028 0.9716428 0.2351309 0.02497336 0.7392324 0.6705424 -0.06251576 0.6845428 -0.6737534 0.2783118 0.4865785 -0.8152545 0.3140085 0.9688094 -0.2081937 0.134401 0.7438378 -0.5633422 0.3596538 0.5778243 -0.70029 0.4191816 0.8540145 -0.3515207 0.3835264 0.7509485 -0.4857149 0.4473895 0.9298032 -0.1369622 0.3416245 0.9559485 -0.06052129 0.2872275 0.9651343 0.2617303 0.003641216 0.9874308 0.05614232 0.1477448 0.9751913 -0.076759 0.2076299 0.9583261 -0.1918252 0.2116935 0.9474431 -0.2592582 0.1874484 0.9711332 0.2374066 0.02320276 0.969634 0.2436285 0.02133257 0.9678704 0.2508994 0.01662729 0.9664493 0.2566696 0.009817042 0.8871151 0.443073 -0.12928 0.8199207 0.544678 -0.1762272 0.8006811 0.5335087 -0.2725406 0.7364863 0.5914878 -0.3282227 0.5795827 0.7331461 -0.355782 0.4222663 0.8024594 -0.4216043 0.1817822 0.903614 -0.3878618 0.3939542 0.8606012 -0.3227471 0.05673415 0.9590377 -0.2775391 0.7597327 0.627471 -0.1705473 0.2998669 0.9242228 -0.2364149 0.09088517 0.9869228 -0.1331286 0.7263689 0.6722646 -0.142998 0.3326772 0.9359533 -0.1154006 0.07081226 0.9912392 -0.111492 0.7585213 0.645213 -0.091354 0.3398824 0.9352958 -0.09849777 0.02553334 0.9923388 -0.1208795 0.296992 0.9486058 -0.109284 0.7528471 0.6544314 -0.07029069 0.9694617 0.2439919 0.02473517 0.748786 0.181181 0.637568 0.7659812 0.1853417 0.6155657 0.7428008 0.1797328 0.6449364 0.7251921 0.1754721 0.6658122 0.9671235 0.2340114 -0.09955239 0.9660899 0.2337613 -0.1096629 0.9542745 0.2309023 -0.1898535 0.9523498 0.2304366 -0.1998217 0.7416956 0.1794654 -0.6462815 0.764774 0.1850496 -0.6171526 0.7476534 0.180907 -0.6389735 0.7241715 0.1752251 -0.6669871 0.9719117 0.2351699 -0.009097885 0.9712085 0.2349997 -0.0391058 0.8967142 0.2169747 0.3857791 0.8843085 0.2139729 0.4149866  
				<BiTangents>: 180 0.2500528 0.3412172 0.9061149 -0.08899263 0.1644834 0.9823571 -0.1258703 0.1283044 0.9837148 0.1540682 0.3914847 0.907195 -0.1052382 0.02816913 0.994048 0.1771503 0.4475721 0.8765255 0.2842779 0.3826858 0.879055 -0.08368538 0.3443476 0.9351051 -0.03035971 0.3721248 0.9276861 -0.001239601 -0.0003000486 0.9999992 -0.0754872 0.306787 0.94878 0.07893592 0.07156871 0.9943073 -0.04669867 0.4107749 0.9105401 -0.1487094 0.2946725 0.9439564 -0.1449155 0.3433357 0.9279656 0.05234727 0.1686633 0.9842827 -0.02631765 0.5304073 0.8473344 0.0607674 0.5665497 0.8217838 -0.3171994 0.2745724 0.9077415 0.004057041 0.1937768 0.9810373 -0.3783545 0.1907535 0.905793 -0.363476 0.3138757 0.8771358 -0.4262038 0.2241884 0.8764074 -0.1487767 0.3846845 0.9109793 -0.08348759 0.3373542 0.9376684 -0.1529144 0.148087 0.9770811 -0.005294556 0.3215836 0.9468664 -0.08268159 0.3507793 0.9328009 0.06473775 0.1983516 0.9779906 -0.02546046 0.09745069 0.9949147 -0.1114799 0.4172189 0.9019427 -0.2195159 0.4823266 0.8480411 -0.3133744 0.4748011 0.8224114 -0.09310544 0.4212003 0.9021761 -0.08915246 0.3678219 0.9256127 -0.07541076 0.7186339 0.6912876 -0.4180993 0.6719972 0.6112388 -0.525342 0.6237078 0.5787956 -0.5281688 0.8106162 0.2528619 -0.2629185 0.672716 0.6916119 -0.4495492 0.8419649 0.2983298 -0.2341098 0.9633972 0.1306078 -0.3491081 0.8550139 0.3835034 -0.1638663 0.6753631 0.7190498 0.06304022 0.7894834 0.610526 0.1634623 0.80696 0.5675348 -0.2154312 0.8875122 0.4073223 -0.08213387 0.9199617 0.3833073 0.03953766 0.9513994 0.3054112 0.1044445 0.9613284 0.2548314 -0.3749612 -0.09075814 -0.9225872 -0.3801934 -0.09201264 -0.9203188 -0.3792612 -0.09178704 -0.9207259 -0.3737458 -0.09046395 -0.9231091 0.3777978 0.09143287 -0.9213625 0.3787501 0.09166335 -0.9209486 0.3734044 0.09038133 -0.9232553 0.3721626 0.09008075 -0.9237859 -0.8505123 -0.2058788 -0.4839863 -0.8812302 -0.2132713 -0.4218396 -0.875041 -0.2117734 -0.4352646 -0.8448471 -0.2045075 -0.4943784 0.8741295 0.2115528 -0.437199 0.8802806 0.2130414 -0.4239333 0.84978 0.2057015 -0.485346 0.8441613 0.2043414 -0.4956171 -0.9576262 -0.2319012 0.1708035 -0.872443 -0.2111874 0.4407302 -0.8963705 -0.2169794 0.3865746 -0.9644704 -0.2333694 0.1238368 0.8972442 0.2171909 0.384423 0.8735444 0.211454 0.4384147 0.9578531 0.2319562 0.1694515 0.9646113 0.2334035 0.1226695 -0.7176248 -0.1736411 0.6744357 -0.7819507 -0.1892058 0.5939313 -0.3727381 -0.09026321 0.9235361 -0.2930272 -0.07090273 0.9534714 0.3742532 0.09063011 0.9228872 0.7825924 0.189361 0.593036 0.7184197 0.1738334 0.6735392 0.2946693 0.07130004 0.9529357 -0.1049606 -0.02539693 0.994152 -0.09512898 -0.02301801 0.9951988 -0.1829454 -0.04426664 0.982126 -0.1926401 -0.04661243 0.9801617 0.9858763 0.1674468 0.003096501 0.9858775 0.1674395 0.003096499 0.9858684 0.1675003 0.002684823 0.9858672 0.1675102 0.002480797 0.9074484 -0.4201542 0.002803816 0.9069244 -0.4212902 0.001646692 0.9068251 -0.4215048 0.001393475 0.9075203 -0.4199979 0.002936909 0.4734471 -0.8808211 0.001420686 0.4739602 -0.8805462 0 0.4740538 -0.8804959 0 0.473381 -0.8808562 0.001678954 -0.06418012 -0.9979383 0 -0.06206819 -0.9980719 0 -0.06239417 -0.9980516 0 -0.06441011 -0.9979235 0 -0.6152408 -0.7883392 0 -0.6163368 -0.7874827 0 -0.6162044 -0.7875863 0 -0.6150579 -0.788482 0 -0.03634459 -0.008794168 0.9993007 -0.007193965 -0.001740698 0.9999726 0.3762549 0.09104104 0.9220324 0.4046091 0.0979018 0.9092342 -0.9538358 -0.3003287 0 -0.9538626 -0.3002436 0 -0.9538584 -0.3002567 0 -0.9538327 -0.3003386 0 -0.1125813 0.1136209 0.987125 -0.07613084 0.1383161 0.9874578 0.2452929 0.3106995 0.9183121 0.1571241 0.3673536 0.9167134 0.1875353 0.4117576 0.8917882 0.2712456 0.3582616 0.8933501 -0.02524742 0.3619974 0.9318371 -0.1060937 0.02799885 0.9939618 -0.09803821 0.2980025 0.9495173 -0.02418048 -0.006255196 0.999688 0.04652051 0.04176322 0.998044 -0.1248591 0.2677769 0.9553564 -0.07333082 0.3200457 0.9445599 -0.04052254 0.4019618 0.9147593 -0.01752676 0.5214877 0.8530788 0.06849369 0.5533972 0.8300965 0.05445896 0.7935508 0.606062 0.1745872 0.7994159 0.5748508 0.05509925 0.9695214 0.2387308 -0.02552943 0.9576637 0.2867548 -0.2599058 0.95657 0.1319955 -0.1088555 0.9193066 0.3781876 -0.08945497 0.7213093 0.686812 -0.1155096 0.4175606 0.9012772 -0.1532817 0.1464283 0.9772735 -0.04598541 0.0908815 0.9947994 -0.1112125 0.3615672 0.9256894 -0.1863659 0.6713905 0.7172884 -0.2384357 0.8822675 0.4058971 -0.366909 0.8469141 0.3848564 -0.2878372 0.6583241 0.695528 -0.4558074 0.8377188 0.300777 -0.5329885 0.8061881 0.2568735 -0.4379326 0.6484021 0.6227276 -0.539973 0.5962557 0.5940609 -0.3209986 0.4273555 0.8451788 -0.2400265 0.4352873 0.8677052 -0.08338346 0.2815672 0.9559117 -0.1228555 0.3960798 0.90996 -0.02451208 0.255202 0.966577 -0.4084131 0.1588611 0.898867 0.03635271 0.1701868 0.984741 -0.3690067 0.2418099 0.8974196 -0.3628175 0.1297118 0.9227884 -0.1835141 0.3460171 0.9201058 -0.3227468 0.2143707 0.9218892 0.003340435 0.1208335 0.9926671 0.03288719 0.1042184 0.9940106 -0.1771511 0.3043198 0.9359524 -0.1065206 0.3280872 0.9386225 -0.6196855 -0.149943 0.7703941 -0.5983003 -0.1447686 0.7880855 -0.6268472 -0.1516759 0.7642362 -0.6471375 -0.1565855 0.7461193 0.09676014 0.0234127 0.9950323 0.1065871 0.02579048 0.9939688 0.1845285 0.04464968 0.9818124 0.1942171 0.046994 0.9798323 0.6281546 0.1519923 0.7630991 0.5998427 0.1451418 0.7868435 0.6210515 0.1502736 0.7692288 0.6482794 0.1568618 0.7450693 0.008842707 0.002139638 0.9999586 0.03800896 0.00919689 0.9992351 -0.3749588 -0.09072742 0.9225911 -0.4033471 -0.09759643 0.9098275  
				<SubMeshes>: 1
					<SubMesh>: 0 588 0 1 2 2 3 0 3 2 4 0 3 5 5 6 0 7 6 5 8 3 4 8 5 3 8 4 9 10 8 9 10 9 11 5 8 12 12 8 10 5 13 7 13 5 12 14 10 11 14 11 15 7 13 16 16 17 7 18 14 15 18 15 19 20 18 19 20 21 18 14 18 21 21 20 22 10 14 23 21 23 14 12 10 24 23 24 10 25 13 12 25 12 24 26 21 22 27 26 22 28 23 21 26 28 21 29 24 23 29 25 24 28 29 23 13 25 30 30 25 29 30 16 13 31 26 27 27 32 31 33 28 26 29 28 33 26 31 33 29 34 30 33 34 29 16 30 35 35 30 34 36 31 32 32 37 36 36 37 38 39 33 31 34 33 39 31 36 39 38 40 36 41 40 38 36 40 42 42 39 36 41 42 40 39 43 34 42 43 39 34 43 35 35 44 16 17 16 44 44 45 17 43 42 46 41 46 42 47 35 43 43 46 47 44 35 47 41 47 46 45 44 48 47 48 44 41 48 47 48 49 45 41 49 48 50 51 52 52 53 50 54 55 56 56 57 54 58 59 60 60 61 58 62 63 64 64 65 62 66 67 68 68 69 66 70 71 72 72 73 70 74 75 76 76 77 74 78 79 80 80 81 78 82 83 84 84 85 82 86 87 88 88 89 86 90 91 92 91 90 93 94 95 96 95 94 97 98 99 100 100 101 98 102 103 104 104 105 102 106 107 108 107 109 108 110 111 112 112 113 110 114 115 116 116 117 114 116 118 117 118 116 119 117 120 114 120 117 118 120 121 114 122 121 120 122 123 121 124 123 122 125 118 119 119 126 125 118 127 120 122 120 127 125 127 118 128 125 126 129 128 126 130 128 129 131 130 129 130 131 132 132 133 130 132 134 133 130 133 135 133 134 135 130 136 128 136 130 135 128 137 125 136 137 128 127 125 138 137 138 125 127 138 139 139 138 137 140 137 136 137 140 139 141 136 135 136 141 140 135 134 142 135 142 141 142 134 143 141 142 143 141 144 140 143 144 141 143 134 145 145 134 146 143 145 147 147 145 146 147 144 143 148 147 146 147 148 149 149 150 147 144 147 150 150 149 151 144 152 140 150 152 144 140 152 139 151 153 150 152 150 153 154 153 151 152 155 139 153 155 152 153 154 156 156 154 157 158 155 153 158 139 155 153 156 158 157 159 156 159 157 160 160 161 159 159 161 124 162 156 159 162 159 124 156 162 158 122 162 124 122 158 162 139 158 163 158 122 163 139 163 127 127 163 122 164 165 166 166 167 164 168 169 170 169 171 170 172 173 174 174 175 172 176 177 178 178 179 176  
			</Mesh>
			<Materials>: 1
				<Material>: 0
					<AlbedoColor>: 1 1 1 1
					<EmissiveColor>: 0 0 0 1
					<Glossiness>: 1
					<Metallic>: 0
					<SpecularHighlight>: 1
					<GlossyReflection>: 1
					<AlbedoMap>:Siren_Siren_Cap_BaseColor
					<MetallicMap>: null
					<NormalMap>:Siren_Siren_Cap_Normal
					<EmissionMap>: null
					<DetailAlbedoMap>: null
					<DetailNormalMap>: null
			</Materials>
			<Children>: 0
		</Frame>
</Frame>
