<Frame>: 0 2 Sutter_Open
	<Transform>: 0 -25.15122 0 0 0 0 3.626896 1.919125 3.626896 0 0 0 1  
	<TransformMatrix>: 3.626896 0 0 0 0 1.919125 0 0 0 0 3.626896 0 0 -25.15122 0 1  
	<Mesh>: 24 Shutter_Door_Left_low
		<Bounds>: -2.737761 13.15556 1.138594 0.9 0.04999971 1
		<Positions>: 24 -1.837761 13.20556 0.1385939 -1.837761 13.10556 0.1385939 -3.637761 13.20556 0.1385939 -3.637761 13.10556 0.1385939 -3.637761 13.20556 2.138594 -1.837761 13.10556 2.138594 -1.837761 13.20556 2.138594 -3.637761 13.10556 2.138594 -1.837761 13.20556 2.138594 -1.837761 13.10556 2.138594 -1.837761 13.10556 0.1385939 -1.837761 13.20556 0.1385939 -1.837761 13.10556 2.138594 -3.637761 13.10556 2.138594 -3.637761 13.10556 0.1385939 -1.837761 13.10556 0.1385939 -3.637761 13.10556 2.138594 -3.637761 13.20556 2.138594 -3.637761 13.20556 0.1385939 -3.637761 13.10556 0.1385939 -3.637761 13.20556 2.138594 -1.837761 13.20556 2.138594 -1.837761 13.20556 0.1385939 -3.637761 13.20556 0.1385939  
		<Colors>: 0  
		<TextureCoords0>: 24 0.9551352 0.9587734 0.9649549 0.9714726 0.5387247 0.9574649 0.5288255 0.9701022 0.5402548 0.472236 0.9665647 0.4609143 0.9566653 0.4735514 0.5304354 0.4595367 0.9566653 0.4735514 0.9665647 0.4609143 0.9649549 0.9714726 0.9551352 0.9587734 0.4829153 0.4607651 0.04130992 0.4607651 0.04130999 0.9800601 0.4829153 0.9800602 0.5304354 0.4595367 0.5402548 0.472236 0.5387247 0.9574649 0.5288255 0.9701022 0.5402548 0.472236 0.9566653 0.4735514 0.9551352 0.9587734 0.5387247 0.9574649  
		<TextureCoords1>: 0  
		<Normals>: 24 0 0 -1 0 0 -1 0 0 -1 0 0 -1 0 0 1 0 0 1 0 0 1 0 0 1 1 0 0 1 0 0 1 0 0 1 0 0 0 -1 0 0 -1 0 0 -1 0 0 -1 0 -1 0 0 -1 0 0 -1 0 0 -1 0 0 0 1 0 0 1 0 0 1 0 0 1 0  
		<Tangents>: 24 0.9999837 0.00572403 0 0.9999835 0.005734644 0 0.999982 0.006013847 0 0.9999819 0.006024462 0 0.9999819 -0.006017745 0 0.9999833 -0.005791102 0 0.9999833 -0.005782486 0 0.9999819 -0.006026362 0 0 -0.9074548 -0.4201497 0 -0.896201 -0.4436483 0 -0.8977475 0.4405105 0 -0.8859665 0.4637492 1 0 0 1 0 0 1 0 0 1 0 0 0 0.8977476 0.44051 0 0.8859668 0.4637489 0 0.9074557 -0.4201476 0 0.896202 -0.4436462 0.9999955 0 0.003004628 0.9999955 0 0.003012022 0.9999955 0 0.003003567 0.9999956 0 0.002996173  
		<BiTangents>: 24 -0.00572403 0.9999837 0 -0.005734644 0.9999835 0 -0.006013846 0.9999819 0 -0.006024462 0.9999819 0 -0.006017745 -0.9999819 0 -0.005791102 -0.9999832 0 -0.005782486 -0.9999833 0 -0.006026362 -0.9999819 0 0 -0.4201497 0.9074548 0 -0.4436483 0.896201 0 0.4405105 0.8977475 0 0.4637492 0.8859665 0 0 1 0 0 1 0 0 1 0 0 1 0 -0.44051 0.8977477 0 -0.4637488 0.8859667 0 0.4201476 0.9074557 0 0.4436463 0.896202 -0.003004628 0 0.9999955 -0.003012022 0 0.9999955 -0.003003567 0 0.9999955 -0.002996172 0 0.9999955  
		<SubMeshes>: 1
			<SubMesh>: 0 36 0 1 2 3 2 1 4 5 6 4 7 5 8 9 10 10 11 8 12 13 14 14 15 12 16 17 18 18 19 16 20 21 22 22 23 20  
	</Mesh>
	<Materials>: 1
		<Material>: 0
			<AlbedoColor>: 1 1 1 1
			<EmissiveColor>: 0 0 0 1
			<Glossiness>: 0.5
			<Metallic>: 0
			<SpecularHighlight>: 1
			<GlossyReflection>: 1
			<AlbedoMap>:Shutter_Door
			<MetallicMap>: null
			<NormalMap>:Shutter_Door_Normal
			<EmissionMap>: null
			<DetailAlbedoMap>: null
			<DetailNormalMap>: null
	</Materials>
	<Children>: 0
</Frame>
