Center: (-17.43, 1.81, -7.50), Extents: (2.50, 1.81, 2.50)
Center: (-13.68, 1.81, -8.75), Extents: (6.25, 1.81, 1.25)
Center: (13.82, 1.81, -8.75), Extents: (6.25, 1.81, 1.25)
Center: (17.57, 1.81, -7.50), Extents: (2.50, 1.81, 2.50)
Center: (16.25, 1.81, 2.50), Extents: (1.25, 1.81, 5.00)
Center: (-16.21, 1.81, 2.50), Extents: (1.29, 1.81, 5.00)
Center: (0.02, 1.81, -8.75), Extents: (5.05, 1.81, 1.25)
Center: (-13.68, 1.81, -16.25), Extents: (3.75, 1.81, 1.25)
Center: (13.82, 1.81, -16.25), Extents: (3.75, 1.81, 1.25)
Center: (0.07, 1.81, -16.25), Extents: (2.50, 1.81, 1.25)
Center: (-6.18, 0.61, -13.75), Extents: (1.25, 0.61, 1.25)
Center: (6.32, 0.61, -13.75), Extents: (1.25, 0.61, 1.25)
Center: (-13.72, 1.81, 13.75), Extents: (6.28, 1.81, 1.25)
Center: (13.75, 1.81, 13.75), Extents: (6.25, 1.81, 1.25)
Center: (-8.75, 1.81, 8.75), Extents: (1.25, 1.81, 1.25)
Center: (8.75, 1.81, 8.75), Extents: (1.25, 1.81, 1.25)
Center: (3.75, 1.81, 8.75), Extents: (1.25, 1.81, 1.25)
Center: (-3.75, 1.81, 8.75), Extents: (1.25, 1.81, 1.25)
Center: (6.32, 1.01, -18.75), Extents: (1.25, 1.01, 1.25)
Center: (-6.18, 1.01, -18.75), Extents: (1.25, 1.01, 1.25)
Center: (0.00, 1.81, -1.25), Extents: (7.50, 1.81, 1.25)
Center: (0.00, 1.81, 3.75), Extents: (7.50, 1.81, 1.25)
Center: (-3.75, 1.81, 16.25), Extents: (1.25, 1.81, 3.75)
Center: (3.75, 1.81, 16.25), Extents: (1.25, 1.81, 3.75)
Center: (17.50, 1.81, 12.50), Extents: (2.50, 1.81, 2.50)
Center: (-17.50, 1.81, 12.50), Extents: (2.50, 1.81, 2.50)
Center: (-15.00, 1.81, 18.75), Extents: (7.50, 1.81, 1.25)
Center: (15.00, 1.81, 18.75), Extents: (7.50, 1.81, 1.25)
Center: (-14.97, 1.81, 6.25), Extents: (2.53, 1.81, 1.25)
Center: (15.07, 0.61, -19.35), Extents: (5.00, 0.61, 0.40)
Center: (15.07, 0.61, -12.95), Extents: (5.00, 0.61, 0.45)
Center: (19.63, 0.61, -16.12), Extents: (0.44, 0.61, 3.62)
Center: (-14.94, 0.61, -12.94), Extents: (4.91, 0.61, 0.40)
Center: (-14.94, 0.61, -19.46), Extents: (4.91, 0.61, 0.40)
Center: (-19.45, 0.61, -16.20), Extents: (0.40, 0.61, 3.66)
Center: (0.07, 1.81, -22.80), Extents: (1.20, 1.81, 2.20)
Center: (-22.73, 1.81, 2.50), Extents: (2.20, 1.81, 1.20)
Center: (22.80, 1.81, 2.50), Extents: (2.20, 1.81, 1.20)
Center: (25.37, 14.31, -7.12), Extents: (0.50, 14.31, 14.28)
Center: (25.37, 14.30, 19.44), Extents: (0.50, 14.30, 6.81)
Center: (25.37, 17.95, 9.92), Extents: (0.50, 10.67, 3.29)
Center: (25.37, 15.41, -22.08), Extents: (0.50, 13.22, 0.67)
Center: (25.37, 14.31, -24.22), Extents: (0.50, 14.31, 1.47)
Center: (0.07, 14.31, -25.20), Extents: (25.80, 14.31, 0.50)
Center: (-25.23, 14.31, -7.10), Extents: (0.50, 14.31, 14.30)
Center: (-25.23, 14.30, 19.45), Extents: (0.50, 14.30, 6.80)
Center: (-25.23, 17.95, 9.92), Extents: (0.50, 10.67, 3.29)
Center: (-25.24, 15.41, -22.08), Extents: (0.50, 13.22, 0.67)
Center: (-25.23, 14.31, -24.22), Extents: (0.50, 14.31, 1.47)
Center: (15.04, 1.81, 6.25), Extents: (2.53, 1.81, 1.25)
Center: (-15.13, 5.77, 25.49), Extents: (10.60, 5.77, 0.76)
Center: (15.20, 5.77, 25.49), Extents: (10.67, 5.77, 0.76)
Center: (0.00, 9.98, 25.49), Extents: (4.53, 1.56, 0.76)
Center: (-19.39, 4.14, -24.18), Extents: (0.41, 4.14, 0.63)
Center: (-14.64, 4.14, -24.18), Extents: (0.41, 4.14, 0.63)
Center: (-9.78, 4.14, -24.18), Extents: (0.41, 4.14, 0.63)
Center: (-4.91, 4.14, -24.18), Extents: (0.41, 4.14, 0.63)
Center: (4.79, 4.14, -24.18), Extents: (0.41, 4.14, 0.63)
Center: (9.63, 4.14, -24.18), Extents: (0.41, 4.14, 0.63)
Center: (14.50, 4.14, -24.18), Extents: (0.41, 4.14, 0.63)
Center: (19.32, 4.14, -24.18), Extents: (0.41, 4.14, 0.63)
Center: (19.49, 4.14, 24.01), Extents: (0.41, 4.14, 0.63)
Center: (14.62, 4.14, 24.01), Extents: (0.41, 4.14, 0.63)
Center: (9.81, 4.14, 24.01), Extents: (0.41, 4.14, 0.63)
Center: (4.90, 4.14, 24.01), Extents: (0.41, 4.14, 0.63)
Center: (-4.81, 4.14, 24.01), Extents: (0.41, 4.14, 0.63)
Center: (-9.65, 4.14, 24.01), Extents: (0.41, 4.14, 0.63)
Center: (-14.48, 4.14, 24.01), Extents: (0.41, 4.14, 0.63)
Center: (-19.37, 4.14, 24.01), Extents: (0.41, 4.14, 0.63)
Center: (24.26, 3.20, -19.39), Extents: (0.68, 3.20, 0.43)
Center: (24.34, 3.20, -24.34), Extents: (0.77, 3.20, 0.52)
Center: (24.26, 3.20, -14.57), Extents: (0.68, 3.20, 0.43)
Center: (24.26, 3.20, -9.71), Extents: (0.68, 3.20, 0.43)
Center: (24.26, 3.20, -4.87), Extents: (0.68, 3.20, 0.43)
Center: (24.26, 3.20, 0.01), Extents: (0.68, 3.20, 0.43)
Center: (24.26, 3.20, 4.84), Extents: (0.68, 3.20, 0.43)
Center: (24.26, 3.20, 14.54), Extents: (0.68, 3.20, 0.43)
Center: (24.26, 3.20, 19.40), Extents: (0.68, 3.20, 0.43)
Center: (24.33, 3.20, 24.32), Extents: (0.75, 3.20, 0.49)
Center: (-24.26, 3.20, 19.46), Extents: (0.68, 3.20, 0.43)
Center: (-24.34, 3.20, 24.34), Extents: (0.77, 3.20, 0.52)
Center: (-24.26, 3.20, 14.63), Extents: (0.68, 3.20, 0.43)
Center: (-24.26, 3.20, 4.94), Extents: (0.68, 3.20, 0.43)
Center: (-24.26, 3.20, 0.10), Extents: (0.68, 3.20, 0.43)
Center: (-24.26, 3.20, -4.78), Extents: (0.68, 3.20, 0.43)
Center: (-24.26, 3.20, -9.61), Extents: (0.68, 3.20, 0.43)
Center: (-24.26, 3.20, -14.45), Extents: (0.68, 3.20, 0.43)
Center: (-24.26, 3.20, -19.30), Extents: (0.68, 3.20, 0.43)
Center: (-24.33, 3.20, -24.32), Extents: (0.75, 3.20, 0.49)
