<Hierarchy>:
	<Frame>: 0 Map_Bounding_Box
		<Transform>: 0 107.3 88.2 0 0 0 1 1 1 0 0 0 1  
		<TransformMatrix>: 1 0 0 0 0 1 0 0 0 0 1 0 0 107.3 88.2 1  
		<Children>: 56
			<Frame>: 1 Box065
				<Transform>: 0 0 0 270 0 0 1 1 1 -0.7071068 0 0 0.7071068  
				<TransformMatrix>: 1 0 0 0 0 -1.192093E-07 -1 0 0 1 -1.192093E-07 0 0 0 0 1  
				<Mesh>: 24 Box065
					<Bounds>: 0 0 -0.4999993 40.00001 39.9999 0.4999993
					<Positions>: 24 -40.00001 -39.9999 -0.9999986 -40.00001 39.9999 -0.9999986 40.00001 -39.9999 -0.9999986 40.00001 39.9999 -0.9999986 -40.00001 39.9999 0 40.00001 -39.9999 0 40.00001 39.9999 0 -40.00001 -39.9999 0 -40.00001 -39.9999 0 40.00001 -39.9999 -0.9999986 40.00001 -39.9999 0 -40.00001 -39.9999 -0.9999986 -40.00001 39.9999 0 -40.00001 -39.9999 -0.9999986 -40.00001 -39.9999 0 -40.00001 39.9999 -0.9999986 40.00001 39.9999 0 -40.00001 39.9999 -0.9999986 -40.00001 39.9999 0 40.00001 39.9999 -0.9999986 40.00001 -39.9999 0 40.00001 39.9999 -0.9999986 40.00001 39.9999 0 40.00001 -39.9999 -0.9999986  
					<Colors>: 0  
					<Normals>: 24 0 0 -1 0 0 -1 0 0 -1 0 0 -1 0 0 1 0 0 1 0 0 1 0 0 1 0 -1 0 0 -1 0 0 -1 0 0 -1 0 -1 0 0 -1 0 0 -1 0 0 -1 0 0 0 1 0 0 1 0 0 1 0 0 1 0 1 0 0 1 0 0 1 0 0 1 0 0  
					<SubMeshes>: 1
						<SubMesh>: 0 36 0 1 2 2 1 3 4 5 6 4 7 5 8 9 10 8 11 9 12 13 14 12 15 13 16 17 18 16 19 17 20 21 22 20 23 21  
				</Mesh>
				<Materials>: 1
					<Material>: 0
						<AlbedoColor>: 1 1 1 1
						<EmissiveColor>: 0 0 0 0.9999999
						<Glossiness>: 0.5
						<Metallic>: 0
						<SpecularHighlight>: 1
						<GlossyReflection>: 1
				</Materials>
				<Children>: 0
			</Frame>
			<Frame>: 2 Box066
				<Transform>: 0 0 0 270 0 0 1 1 1 -0.7071068 0 0 0.7071068  
				<TransformMatrix>: 1 0 0 0 0 -1.192093E-07 -1 0 0 1 -1.192093E-07 0 0 0 0 1  
				<Mesh>: 24 Box066
					<Bounds>: -17.50001 7.499976 1.8 2.5 2.5 1.8
					<Positions>: 24 -20.00001 4.999977 0 -20.00001 9.999976 0 -15.00001 4.999977 0 -15.00001 9.999976 0 -20.00001 9.999976 3.6 -15.00001 4.999977 3.6 -15.00001 9.999976 3.6 -20.00001 4.999977 3.6 -20.00001 4.999977 3.6 -15.00001 4.999977 0 -15.00001 4.999977 3.6 -20.00001 4.999977 0 -20.00001 9.999976 3.6 -20.00001 4.999977 0 -20.00001 4.999977 3.6 -20.00001 9.999976 0 -15.00001 9.999976 3.6 -20.00001 9.999976 0 -20.00001 9.999976 3.6 -15.00001 9.999976 0 -15.00001 4.999977 3.6 -15.00001 9.999976 0 -15.00001 9.999976 3.6 -15.00001 4.999977 0  
					<Colors>: 0  
					<Normals>: 24 0 0 -1 0 0 -1 0 0 -1 0 0 -1 0 0 1 0 0 1 0 0 1 0 0 1 0 -1 0 0 -1 0 0 -1 0 0 -1 0 -1 0 0 -1 0 0 -1 0 0 -1 0 0 0 1 0 0 1 0 0 1 0 0 1 0 1 0 0 1 0 0 1 0 0 1 0 0  
					<SubMeshes>: 1
						<SubMesh>: 0 36 0 1 2 2 1 3 4 5 6 4 7 5 8 9 10 8 11 9 12 13 14 12 15 13 16 17 18 16 19 17 20 21 22 20 23 21  
				</Mesh>
				<Materials>: 1
					<Material>: 0
						<AlbedoColor>: 1 1 1 1
						<EmissiveColor>: 0 0 0 0.9999999
						<Glossiness>: 0.5
						<Metallic>: 0
						<SpecularHighlight>: 1
						<GlossyReflection>: 1
				</Materials>
				<Children>: 0
			</Frame>
			<Frame>: 3 Box067
				<Transform>: 0 0 0 270 0 0 1 1 1 -0.7071068 0 0 0.7071068  
				<TransformMatrix>: 1 0 0 0 0 -1.192093E-07 -1 0 0 1 -1.192093E-07 0 0 0 0 1  
				<Mesh>: 24 Box067
					<Bounds>: -11.25001 8.749976 1.799999 3.75 1.25 1.8
					<Positions>: 24 -7.500009 9.999976 -6.103515E-07 -7.500009 7.499977 -6.103515E-07 -15.00001 9.999976 -6.103515E-07 -15.00001 7.499977 -6.103515E-07 -15.00001 9.999976 3.599999 -7.500009 7.499977 3.599999 -7.500009 9.999976 3.599999 -15.00001 7.499977 3.599999 -15.00001 7.499977 3.599999 -7.500009 7.499977 -6.103515E-07 -7.500009 7.499977 3.599999 -15.00001 7.499977 -6.103515E-07 -15.00001 9.999976 3.599999 -15.00001 7.499977 -6.103515E-07 -15.00001 7.499977 3.599999 -15.00001 9.999976 -6.103515E-07 -7.500009 9.999976 3.599999 -15.00001 9.999976 -6.103515E-07 -15.00001 9.999976 3.599999 -7.500009 9.999976 -6.103515E-07 -7.500009 7.499977 3.599999 -7.500009 9.999976 -6.103515E-07 -7.500009 9.999976 3.599999 -7.500009 7.499977 -6.103515E-07  
					<Colors>: 0  
					<Normals>: 24 0 0 -1 0 0 -1 0 0 -1 0 0 -1 0 0 1 0 0 1 0 0 1 0 0 1 0 -1 0 0 -1 0 0 -1 0 0 -1 0 -1 0 0 -1 0 0 -1 0 0 -1 0 0 0 1 0 0 1 0 0 1 0 0 1 0 1 0 0 1 0 0 1 0 0 1 0 0  
					<SubMeshes>: 1
						<SubMesh>: 0 36 0 1 2 3 2 1 4 5 6 4 7 5 8 9 10 8 11 9 12 13 14 12 15 13 16 17 18 16 19 17 20 21 22 20 23 21  
				</Mesh>
				<Materials>: 1
					<Material>: 0
						<AlbedoColor>: 1 1 1 1
						<EmissiveColor>: 0 0 0 0.9999999
						<Glossiness>: 0.5
						<Metallic>: 0
						<SpecularHighlight>: 1
						<GlossyReflection>: 1
				</Materials>
				<Children>: 0
			</Frame>
			<Frame>: 4 Box068
				<Transform>: 0 0 0 270 0 0 1 1 1 -0.7071068 0 0 0.7071068  
				<TransformMatrix>: 1 0 0 0 0 -1.192093E-07 -1 0 0 1 -1.192093E-07 0 0 0 0 1  
				<Mesh>: 24 Box068
					<Bounds>: 11.25001 8.749976 1.799998 3.75 1.25 1.8
					<Positions>: 24 15.00001 9.999976 -1.602173E-06 15.00001 7.499977 -1.602173E-06 7.500006 9.999976 -1.602173E-06 7.500006 7.499977 -1.602173E-06 7.500006 9.999976 3.599998 15.00001 7.499977 3.599998 15.00001 9.999976 3.599998 7.500006 7.499977 3.599998 7.500006 7.499977 3.599998 15.00001 7.499977 -1.602173E-06 15.00001 7.499977 3.599998 7.500006 7.499977 -1.602173E-06 7.500006 9.999976 3.599998 7.500006 7.499977 -1.602173E-06 7.500006 7.499977 3.599998 7.500006 9.999976 -1.602173E-06 15.00001 9.999976 3.599998 7.500006 9.999976 -1.602173E-06 7.500006 9.999976 3.599998 15.00001 9.999976 -1.602173E-06 15.00001 7.499977 3.599998 15.00001 9.999976 -1.602173E-06 15.00001 9.999976 3.599998 15.00001 7.499977 -1.602173E-06  
					<Colors>: 0  
					<Normals>: 24 0 0 -1 0 0 -1 0 0 -1 0 0 -1 0 0 1 0 0 1 0 0 1 0 0 1 0 -1 0 0 -1 0 0 -1 0 0 -1 0 -1 0 0 -1 0 0 -1 0 0 -1 0 0 0 1 0 0 1 0 0 1 0 0 1 0 1 0 0 1 0 0 1 0 0 1 0 0  
					<SubMeshes>: 1
						<SubMesh>: 0 36 0 1 2 3 2 1 4 5 6 4 7 5 8 9 10 8 11 9 12 13 14 12 15 13 16 17 18 16 19 17 20 21 22 20 23 21  
				</Mesh>
				<Materials>: 1
					<Material>: 0
						<AlbedoColor>: 1 1 1 1
						<EmissiveColor>: 0 0 0 0.9999999
						<Glossiness>: 0.5
						<Metallic>: 0
						<SpecularHighlight>: 1
						<GlossyReflection>: 1
				</Materials>
				<Children>: 0
			</Frame>
			<Frame>: 5 Box069
				<Transform>: 0 0 0 270 0 0 1 1 1 -0.7071068 0 0 0.7071068  
				<TransformMatrix>: 1 0 0 0 0 -1.192093E-07 -1 0 0 1 -1.192093E-07 0 0 0 0 1  
				<Mesh>: 24 Box069
					<Bounds>: 17.50002 7.499973 1.8 2.5 2.5 1.8
					<Positions>: 24 15.00002 4.999974 1.525879E-07 15.00002 9.999973 1.525879E-07 20.00002 4.999974 1.525879E-07 20.00002 9.999973 1.525879E-07 15.00002 9.999973 3.6 20.00002 4.999974 3.6 20.00002 9.999973 3.6 15.00002 4.999974 3.6 15.00002 4.999974 3.6 20.00002 4.999974 1.525879E-07 20.00002 4.999974 3.6 15.00002 4.999974 1.525879E-07 15.00002 9.999973 3.6 15.00002 4.999974 1.525879E-07 15.00002 4.999974 3.6 15.00002 9.999973 1.525879E-07 20.00002 9.999973 3.6 15.00002 9.999973 1.525879E-07 15.00002 9.999973 3.6 20.00002 9.999973 1.525879E-07 20.00002 4.999974 3.6 20.00002 9.999973 1.525879E-07 20.00002 9.999973 3.6 20.00002 4.999974 1.525879E-07  
					<Colors>: 0  
					<Normals>: 24 0 0 -1 0 0 -1 0 0 -1 0 0 -1 0 0 1 0 0 1 0 0 1 0 0 1 0 -1 0 0 -1 0 0 -1 0 0 -1 0 -1 0 0 -1 0 0 -1 0 0 -1 0 0 0 1 0 0 1 0 0 1 0 0 1 0 1 0 0 1 0 0 1 0 0 1 0 0  
					<SubMeshes>: 1
						<SubMesh>: 0 36 0 1 2 2 1 3 4 5 6 4 7 5 8 9 10 8 11 9 12 13 14 12 15 13 16 17 18 16 19 17 20 21 22 20 23 21  
				</Mesh>
				<Materials>: 1
					<Material>: 0
						<AlbedoColor>: 1 1 1 1
						<EmissiveColor>: 0 0 0 0.9999999
						<Glossiness>: 0.5
						<Metallic>: 0
						<SpecularHighlight>: 1
						<GlossyReflection>: 1
				</Materials>
				<Children>: 0
			</Frame>
			<Frame>: 6 Box070
				<Transform>: 0 0 0 270 0 0 1 1 1 -0.7071068 0 0 0.7071068  
				<TransformMatrix>: 1 0 0 0 0 -1.192093E-07 -1 0 0 1 -1.192093E-07 0 0 0 0 1  
				<Mesh>: 24 Box070
					<Bounds>: 16.17989 -1.249993 1.799999 1.25 3.75 1.8
					<Positions>: 24 17.42989 2.500007 -6.866455E-07 17.42989 -4.999993 -6.866455E-07 14.92989 -4.999993 -6.866455E-07 14.92989 2.500007 -6.866455E-07 17.42989 2.500007 3.599999 14.92989 2.500007 3.599999 14.92989 -4.999993 3.599999 17.42989 -4.999993 3.599999 14.92989 2.500007 3.599999 14.92989 -4.999993 -6.866455E-07 14.92989 -4.999993 3.599999 14.92989 2.500007 -6.866455E-07 17.42989 2.500007 3.599999 14.92989 2.500007 -6.866455E-07 14.92989 2.500007 3.599999 17.42989 2.500007 -6.866455E-07 17.42989 -4.999993 3.599999 17.42989 2.500007 -6.866455E-07 17.42989 2.500007 3.599999 17.42989 -4.999993 -6.866455E-07 14.92989 -4.999993 3.599999 17.42989 -4.999993 -6.866455E-07 17.42989 -4.999993 3.599999 14.92989 -4.999993 -6.866455E-07  
					<Colors>: 0  
					<Normals>: 24 0 0 -1 0 0 -1 0 0 -1 0 0 -1 0 0 1 0 0 1 0 0 1 0 0 1 -1 0 0 -1 0 0 -1 0 0 -1 0 0 0 1 0 0 1 0 0 1 0 0 1 0 1 0 0 1 0 0 1 0 0 1 0 0 0 -1 0 0 -1 0 0 -1 0 0 -1 0  
					<SubMeshes>: 1
						<SubMesh>: 0 36 0 1 2 2 3 0 4 5 6 6 7 4 8 9 10 8 11 9 12 13 14 12 15 13 16 17 18 16 19 17 20 21 22 20 23 21  
				</Mesh>
				<Materials>: 1
					<Material>: 0
						<AlbedoColor>: 1 1 1 1
						<EmissiveColor>: 0 0 0 0.9999999
						<Glossiness>: 0.5
						<Metallic>: 0
						<SpecularHighlight>: 1
						<GlossyReflection>: 1
				</Materials>
				<Children>: 0
			</Frame>
			<Frame>: 7 Box071
				<Transform>: 0 0 0 270 0 0 1 1 1 -0.7071068 0 0 0.7071068  
				<TransformMatrix>: 1 0 0 0 0 -1.192093E-07 -1 0 0 1 -1.192093E-07 0 0 0 0 1  
				<Mesh>: 24 Box071
					<Bounds>: -16.32012 -1.249989 1.799999 1.25 3.75 1.8
					<Positions>: 24 -15.07012 -4.999989 -9.155273E-07 -17.57012 -4.999989 -9.155273E-07 -15.07012 2.500011 -9.155273E-07 -17.57012 2.500011 -9.155273E-07 -15.07012 2.500011 3.599999 -17.57012 2.500011 3.599999 -17.57012 -4.999989 3.599999 -15.07012 -4.999989 3.599999 -17.57012 2.500011 3.599999 -17.57012 -4.999989 -9.155273E-07 -17.57012 -4.999989 3.599999 -17.57012 2.500011 -9.155273E-07 -15.07012 2.500011 3.599999 -17.57012 2.500011 -9.155273E-07 -17.57012 2.500011 3.599999 -15.07012 2.500011 -9.155273E-07 -15.07012 -4.999989 3.599999 -15.07012 2.500011 -9.155273E-07 -15.07012 2.500011 3.599999 -15.07012 -4.999989 -9.155273E-07 -17.57012 -4.999989 3.599999 -15.07012 -4.999989 -9.155273E-07 -15.07012 -4.999989 3.599999 -17.57012 -4.999989 -9.155273E-07  
					<Colors>: 0  
					<Normals>: 24 0 0 -1 0 0 -1 0 0 -1 0 0 -1 0 0 1 0 0 1 0 0 1 0 0 1 -1 0 0 -1 0 0 -1 0 0 -1 0 0 0 1 0 0 1 0 0 1 0 0 1 0 1 0 0 1 0 0 1 0 0 1 0 0 0 -1 0 0 -1 0 0 -1 0 0 -1 0  
					<SubMeshes>: 1
						<SubMesh>: 0 36 0 1 2 1 3 2 4 5 6 6 7 4 8 9 10 8 11 9 12 13 14 12 15 13 16 17 18 16 19 17 20 21 22 20 23 21  
				</Mesh>
				<Materials>: 1
					<Material>: 0
						<AlbedoColor>: 1 1 1 1
						<EmissiveColor>: 0 0 0 0.9999999
						<Glossiness>: 0.5
						<Metallic>: 0
						<SpecularHighlight>: 1
						<GlossyReflection>: 1
				</Materials>
				<Children>: 0
			</Frame>
			<Frame>: 8 Box072
				<Transform>: 0 0 0 270 0 0 1 1 1 -0.7071068 0 0 0.7071068  
				<TransformMatrix>: 1 0 0 0 0 -1.192093E-07 -1 0 0 1 -1.192093E-07 0 0 0 0 1  
				<Mesh>: 24 Box072
					<Bounds>: -3.576279E-06 8.749981 1.799999 5 1.25 1.8
					<Positions>: 24 4.999996 9.999981 -7.629394E-07 4.999996 7.499981 -7.629394E-07 -5.000003 9.999981 -7.629394E-07 -5.000003 7.499981 -7.629394E-07 -5.000003 9.999981 3.599999 4.999996 7.499981 3.599999 4.999996 9.999981 3.599999 -5.000003 7.499981 3.599999 -5.000003 7.499981 3.599999 4.999996 7.499981 -7.629394E-07 4.999996 7.499981 3.599999 -5.000003 7.499981 -7.629394E-07 -5.000003 9.999981 3.599999 -5.000003 7.499981 -7.629394E-07 -5.000003 7.499981 3.599999 -5.000003 9.999981 -7.629394E-07 4.999996 9.999981 3.599999 -5.000003 9.999981 -7.629394E-07 -5.000003 9.999981 3.599999 4.999996 9.999981 -7.629394E-07 4.999996 7.499981 3.599999 4.999996 9.999981 -7.629394E-07 4.999996 9.999981 3.599999 4.999996 7.499981 -7.629394E-07  
					<Colors>: 0  
					<Normals>: 24 0 0 -1 0 0 -1 0 0 -1 0 0 -1 0 0 1 0 0 1 0 0 1 0 0 1 0 -1 0 0 -1 0 0 -1 0 0 -1 0 -1 0 0 -1 0 0 -1 0 0 -1 0 0 0 1 0 0 1 0 0 1 0 0 1 0 1 0 0 1 0 0 1 0 0 1 0 0  
					<SubMeshes>: 1
						<SubMesh>: 0 36 0 1 2 3 2 1 4 5 6 4 7 5 8 9 10 8 11 9 12 13 14 12 15 13 16 17 18 16 19 17 20 21 22 20 23 21  
				</Mesh>
				<Materials>: 1
					<Material>: 0
						<AlbedoColor>: 1 1 1 1
						<EmissiveColor>: 0 0 0 0.9999999
						<Glossiness>: 0.5
						<Metallic>: 0
						<SpecularHighlight>: 1
						<GlossyReflection>: 1
				</Materials>
				<Children>: 0
			</Frame>
			<Frame>: 9 Box073
				<Transform>: 0 0 0 270 0 0 1 1 1 -0.7071068 0 0 0.7071068  
				<TransformMatrix>: 1 0 0 0 0 -1.192093E-07 -1 0 0 1 -1.192093E-07 0 0 0 0 1  
				<Mesh>: 24 Box073
					<Bounds>: -13.75 16.24996 1.799998 3.75 1.25 1.8
					<Positions>: 24 -9.999998 17.49996 -2.059936E-06 -9.999998 14.99996 -2.059936E-06 -17.5 17.49996 -2.059936E-06 -17.5 14.99996 -2.059936E-06 -17.5 17.49996 3.599998 -9.999998 14.99996 3.599998 -9.999998 17.49996 3.599998 -17.5 14.99996 3.599998 -17.5 14.99996 3.599998 -9.999998 14.99996 -2.059936E-06 -9.999998 14.99996 3.599998 -17.5 14.99996 -2.059936E-06 -17.5 17.49996 3.599998 -17.5 14.99996 -2.059936E-06 -17.5 14.99996 3.599998 -17.5 17.49996 -2.059936E-06 -9.999998 17.49996 3.599998 -17.5 17.49996 -2.059936E-06 -17.5 17.49996 3.599998 -9.999998 17.49996 -2.059936E-06 -9.999998 14.99996 3.599998 -9.999998 17.49996 -2.059936E-06 -9.999998 17.49996 3.599998 -9.999998 14.99996 -2.059936E-06  
					<Colors>: 0  
					<Normals>: 24 0 0 -1 0 0 -1 0 0 -1 0 0 -1 0 0 1 0 0 1 0 0 1 0 0 1 0 -1 0 0 -1 0 0 -1 0 0 -1 0 -1 0 0 -1 0 0 -1 0 0 -1 0 0 0 1 0 0 1 0 0 1 0 0 1 0 1 0 0 1 0 0 1 0 0 1 0 0  
					<SubMeshes>: 1
						<SubMesh>: 0 36 0 1 2 3 2 1 4 5 6 4 7 5 8 9 10 8 11 9 12 13 14 12 15 13 16 17 18 16 19 17 20 21 22 20 23 21  
				</Mesh>
				<Materials>: 1
					<Material>: 0
						<AlbedoColor>: 1 1 1 1
						<EmissiveColor>: 0 0 0 0.9999999
						<Glossiness>: 0.5
						<Metallic>: 0
						<SpecularHighlight>: 1
						<GlossyReflection>: 1
				</Materials>
				<Children>: 0
			</Frame>
			<Frame>: 10 Box074
				<Transform>: 0 0 0 270 0 0 1 1 1 -0.7071068 0 0 0.7071068  
				<TransformMatrix>: 1 0 0 0 0 -1.192093E-07 -1 0 0 1 -1.192093E-07 0 0 0 0 1  
				<Mesh>: 24 Box074
					<Bounds>: 13.75001 16.24995 1.8 3.75 1.25 1.8
					<Positions>: 24 17.50001 17.49995 -3.051758E-07 17.50001 14.99995 -3.051758E-07 10.00001 17.49995 -3.051758E-07 10.00001 14.99995 -3.051758E-07 10.00001 17.49995 3.6 17.50001 14.99995 3.6 17.50001 17.49995 3.6 10.00001 14.99995 3.6 10.00001 14.99995 3.6 17.50001 14.99995 -3.051758E-07 17.50001 14.99995 3.6 10.00001 14.99995 -3.051758E-07 10.00001 17.49995 3.6 10.00001 14.99995 -3.051758E-07 10.00001 14.99995 3.6 10.00001 17.49995 -3.051758E-07 17.50001 17.49995 3.6 10.00001 17.49995 -3.051758E-07 10.00001 17.49995 3.6 17.50001 17.49995 -3.051758E-07 17.50001 14.99995 3.6 17.50001 17.49995 -3.051758E-07 17.50001 17.49995 3.6 17.50001 14.99995 -3.051758E-07  
					<Colors>: 0  
					<Normals>: 24 0 0 -1 0 0 -1 0 0 -1 0 0 -1 0 0 1 0 0 1 0 0 1 0 0 1 0 -1 0 0 -1 0 0 -1 0 0 -1 0 -1 0 0 -1 0 0 -1 0 0 -1 0 0 0 1 0 0 1 0 0 1 0 0 1 0 1 0 0 1 0 0 1 0 0 1 0 0  
					<SubMeshes>: 1
						<SubMesh>: 0 36 0 1 2 3 2 1 4 5 6 4 7 5 8 9 10 8 11 9 12 13 14 12 15 13 16 17 18 16 19 17 20 21 22 20 23 21  
				</Mesh>
				<Materials>: 1
					<Material>: 0
						<AlbedoColor>: 1 1 1 1
						<EmissiveColor>: 0 0 0 0.9999999
						<Glossiness>: 0.5
						<Metallic>: 0
						<SpecularHighlight>: 1
						<GlossyReflection>: 1
				</Materials>
				<Children>: 0
			</Frame>
			<Frame>: 11 Box075
				<Transform>: 0 0 0 270 0 0 1 1 1 -0.7071068 0 0 0.7071068  
				<TransformMatrix>: 1 0 0 0 0 -1.192093E-07 -1 0 0 1 -1.192093E-07 0 0 0 0 1  
				<Mesh>: 24 Box075
					<Bounds>: -3.695488E-06 16.24996 1.8 2.5 1.25 1.8
					<Positions>: 24 2.499996 17.49996 0 2.499996 14.99996 0 -2.500004 17.49996 0 -2.500004 14.99996 0 -2.500004 17.49996 3.6 2.499996 14.99996 3.6 2.499996 17.49996 3.6 -2.500004 14.99996 3.6 -2.500004 14.99996 3.6 2.499996 14.99996 0 2.499996 14.99996 3.6 -2.500004 14.99996 0 -2.500004 17.49996 3.6 -2.500004 14.99996 0 -2.500004 14.99996 3.6 -2.500004 17.49996 0 2.499996 17.49996 3.6 -2.500004 17.49996 0 -2.500004 17.49996 3.6 2.499996 17.49996 0 2.499996 14.99996 3.6 2.499996 17.49996 0 2.499996 17.49996 3.6 2.499996 14.99996 0  
					<Colors>: 0  
					<Normals>: 24 0 0 -1 0 0 -1 0 0 -1 0 0 -1 0 0 1 0 0 1 0 0 1 0 0 1 0 -1 0 0 -1 0 0 -1 0 0 -1 0 -1 0 0 -1 0 0 -1 0 0 -1 0 0 0 1 0 0 1 0 0 1 0 0 1 0 1 0 0 1 0 0 1 0 0 1 0 0  
					<SubMeshes>: 1
						<SubMesh>: 0 36 0 1 2 3 2 1 4 5 6 4 7 5 8 9 10 8 11 9 12 13 14 12 15 13 16 17 18 16 19 17 20 21 22 20 23 21  
				</Mesh>
				<Materials>: 1
					<Material>: 0
						<AlbedoColor>: 1 1 1 1
						<EmissiveColor>: 0 0 0 0.9999999
						<Glossiness>: 0.5
						<Metallic>: 0
						<SpecularHighlight>: 1
						<GlossyReflection>: 1
				</Materials>
				<Children>: 0
			</Frame>
			<Frame>: 12 Box076
				<Transform>: 0 0 0 270 0 0 1 1 1 -0.7071068 0 0 0.7071068  
				<TransformMatrix>: 1 0 0 0 0 -1.192093E-07 -1 0 0 1 -1.192093E-07 0 0 0 0 1  
				<Mesh>: 24 Box076
					<Bounds>: -6.249998 13.74996 0.5999991 1.25 1.25 0.6
					<Positions>: 24 -7.499998 12.49996 -9.155273E-07 -7.499998 14.99996 -9.155273E-07 -4.999998 12.49996 -9.155273E-07 -4.999998 14.99996 -9.155273E-07 -7.499998 14.99996 1.199999 -4.999998 12.49996 1.199999 -4.999998 14.99996 1.199999 -7.499998 12.49996 1.199999 -7.499998 12.49996 1.199999 -4.999998 12.49996 -9.155273E-07 -4.999998 12.49996 1.199999 -7.499998 12.49996 -9.155273E-07 -7.499998 14.99996 1.199999 -7.499998 12.49996 -9.155273E-07 -7.499998 12.49996 1.199999 -7.499998 14.99996 -9.155273E-07 -4.999998 14.99996 1.199999 -7.499998 14.99996 -9.155273E-07 -7.499998 14.99996 1.199999 -4.999998 14.99996 -9.155273E-07 -4.999998 12.49996 1.199999 -4.999998 14.99996 -9.155273E-07 -4.999998 14.99996 1.199999 -4.999998 12.49996 -9.155273E-07  
					<Colors>: 0  
					<Normals>: 24 0 0 -1 0 0 -1 0 0 -1 0 0 -1 0 0 1 0 0 1 0 0 1 0 0 1 0 -1 0 0 -1 0 0 -1 0 0 -1 0 -1 0 0 -1 0 0 -1 0 0 -1 0 0 0 1 0 0 1 0 0 1 0 0 1 0 1 0 0 1 0 0 1 0 0 1 0 0  
					<SubMeshes>: 1
						<SubMesh>: 0 36 0 1 2 2 1 3 4 5 6 4 7 5 8 9 10 8 11 9 12 13 14 12 15 13 16 17 18 16 19 17 20 21 22 20 23 21  
				</Mesh>
				<Materials>: 1
					<Material>: 0
						<AlbedoColor>: 1 1 1 1
						<EmissiveColor>: 0 0 0 0.9999999
						<Glossiness>: 0.5
						<Metallic>: 0
						<SpecularHighlight>: 1
						<GlossyReflection>: 1
				</Materials>
				<Children>: 0
			</Frame>
			<Frame>: 13 Box077
				<Transform>: 0 0 0 270 0 0 1 1 1 -0.7071068 0 0 0.7071068  
				<TransformMatrix>: 1 0 0 0 0 -1.192093E-07 -1 0 0 1 -1.192093E-07 0 0 0 0 1  
				<Mesh>: 24 Box077
					<Bounds>: 6.250003 13.74996 0.5999994 1.25 1.25 0.6
					<Positions>: 24 5.000003 12.49996 -6.103515E-07 5.000003 14.99996 -6.103515E-07 7.500003 12.49996 -6.103515E-07 7.500003 14.99996 -6.103515E-07 5.000003 14.99996 1.199999 7.500003 12.49996 1.199999 7.500003 14.99996 1.199999 5.000003 12.49996 1.199999 5.000003 12.49996 1.199999 7.500003 12.49996 -6.103515E-07 7.500003 12.49996 1.199999 5.000003 12.49996 -6.103515E-07 5.000003 14.99996 1.199999 5.000003 12.49996 -6.103515E-07 5.000003 12.49996 1.199999 5.000003 14.99996 -6.103515E-07 7.500003 14.99996 1.199999 5.000003 14.99996 -6.103515E-07 5.000003 14.99996 1.199999 7.500003 14.99996 -6.103515E-07 7.500003 12.49996 1.199999 7.500003 14.99996 -6.103515E-07 7.500003 14.99996 1.199999 7.500003 12.49996 -6.103515E-07  
					<Colors>: 0  
					<Normals>: 24 0 0 -1 0 0 -1 0 0 -1 0 0 -1 0 0 1 0 0 1 0 0 1 0 0 1 0 -1 0 0 -1 0 0 -1 0 0 -1 0 -1 0 0 -1 0 0 -1 0 0 -1 0 0 0 1 0 0 1 0 0 1 0 0 1 0 1 0 0 1 0 0 1 0 0 1 0 0  
					<SubMeshes>: 1
						<SubMesh>: 0 36 0 1 2 2 1 3 4 5 6 4 7 5 8 9 10 8 11 9 12 13 14 12 15 13 16 17 18 16 19 17 20 21 22 20 23 21  
				</Mesh>
				<Materials>: 1
					<Material>: 0
						<AlbedoColor>: 1 1 1 1
						<EmissiveColor>: 0 0 0 0.9999999
						<Glossiness>: 0.5
						<Metallic>: 0
						<SpecularHighlight>: 1
						<GlossyReflection>: 1
				</Materials>
				<Children>: 0
			</Frame>
			<Frame>: 14 Box078
				<Transform>: 0 0 0 270 0 0 1 1 1 -0.7071068 0 0 0.7071068  
				<TransformMatrix>: 1 0 0 0 0 -1.192093E-07 -1 0 0 1 -1.192093E-07 0 0 0 0 1  
				<Mesh>: 24 Box078
					<Bounds>: -11.32012 -13.74997 1.799999 3.75 1.25 1.8
					<Positions>: 24 -7.570121 -12.49997 -1.525879E-06 -7.570121 -14.99997 -1.525879E-06 -15.07012 -12.49997 -1.525879E-06 -15.07012 -14.99997 -1.525879E-06 -15.07012 -12.49997 3.599998 -7.570121 -14.99997 3.599998 -7.570121 -12.49997 3.599998 -15.07012 -14.99997 3.599998 -15.07012 -14.99997 3.599998 -7.570121 -14.99997 -1.525879E-06 -7.570121 -14.99997 3.599998 -15.07012 -14.99997 -1.525879E-06 -15.07012 -12.49997 3.599998 -15.07012 -14.99997 -1.525879E-06 -15.07012 -14.99997 3.599998 -15.07012 -12.49997 -1.525879E-06 -7.570121 -12.49997 3.599998 -15.07012 -12.49997 -1.525879E-06 -15.07012 -12.49997 3.599998 -7.570121 -12.49997 -1.525879E-06 -7.570121 -14.99997 3.599998 -7.570121 -12.49997 -1.525879E-06 -7.570121 -12.49997 3.599998 -7.570121 -14.99997 -1.525879E-06  
					<Colors>: 0  
					<Normals>: 24 0 0 -1 0 0 -1 0 0 -1 0 0 -1 0 0 1 0 0 1 0 0 1 0 0 1 0 -1 0 0 -1 0 0 -1 0 0 -1 0 -1 0 0 -1 0 0 -1 0 0 -1 0 0 0 1 0 0 1 0 0 1 0 0 1 0 1 0 0 1 0 0 1 0 0 1 0 0  
					<SubMeshes>: 1
						<SubMesh>: 0 36 0 1 2 3 2 1 4 5 6 4 7 5 8 9 10 8 11 9 12 13 14 12 15 13 16 17 18 16 19 17 20 21 22 20 23 21  
				</Mesh>
				<Materials>: 1
					<Material>: 0
						<AlbedoColor>: 1 1 1 1
						<EmissiveColor>: 0 0 0 0.9999999
						<Glossiness>: 0.5
						<Metallic>: 0
						<SpecularHighlight>: 1
						<GlossyReflection>: 1
				</Materials>
				<Children>: 0
			</Frame>
			<Frame>: 15 Box079
				<Transform>: 0 0 0 270 0 0 1 1 1 -0.7071068 0 0 0.7071068  
				<TransformMatrix>: 1 0 0 0 0 -1.192093E-07 -1 0 0 1 -1.192093E-07 0 0 0 0 1  
				<Mesh>: 24 Box079
					<Bounds>: 11.17988 -13.74997 1.799998 3.75 1.25 1.8
					<Positions>: 24 14.92988 -12.49997 -1.831055E-06 14.92988 -14.99997 -1.831055E-06 7.429885 -12.49997 -1.831055E-06 7.429885 -14.99997 -1.831055E-06 7.429885 -12.49997 3.599998 14.92988 -14.99997 3.599998 14.92988 -12.49997 3.599998 7.429885 -14.99997 3.599998 7.429885 -14.99997 3.599998 14.92988 -14.99997 -1.831055E-06 14.92988 -14.99997 3.599998 7.429885 -14.99997 -1.831055E-06 7.429885 -12.49997 3.599998 7.429885 -14.99997 -1.831055E-06 7.429885 -14.99997 3.599998 7.429885 -12.49997 -1.831055E-06 14.92988 -12.49997 3.599998 7.429885 -12.49997 -1.831055E-06 7.429885 -12.49997 3.599998 14.92988 -12.49997 -1.831055E-06 14.92988 -14.99997 3.599998 14.92988 -12.49997 -1.831055E-06 14.92988 -12.49997 3.599998 14.92988 -14.99997 -1.831055E-06  
					<Colors>: 0  
					<Normals>: 24 0 0 -1 0 0 -1 0 0 -1 0 0 -1 0 0 1 0 0 1 0 0 1 0 0 1 0 -1 0 0 -1 0 0 -1 0 0 -1 0 -1 0 0 -1 0 0 -1 0 0 -1 0 0 0 1 0 0 1 0 0 1 0 0 1 0 1 0 0 1 0 0 1 0 0 1 0 0  
					<SubMeshes>: 1
						<SubMesh>: 0 36 0 1 2 3 2 1 4 5 6 4 7 5 8 9 10 8 11 9 12 13 14 12 15 13 16 17 18 16 19 17 20 21 22 20 23 21  
				</Mesh>
				<Materials>: 1
					<Material>: 0
						<AlbedoColor>: 1 1 1 1
						<EmissiveColor>: 0 0 0 0.9999999
						<Glossiness>: 0.5
						<Metallic>: 0
						<SpecularHighlight>: 1
						<GlossyReflection>: 1
				</Materials>
				<Children>: 0
			</Frame>
			<Frame>: 16 Box080
				<Transform>: 0 0 0 270 0 0 1 1 1 -0.7071068 0 0 0.7071068  
				<TransformMatrix>: 1 0 0 0 0 -1.192093E-07 -1 0 0 1 -1.192093E-07 0 0 0 0 1  
				<Mesh>: 24 Box080
					<Bounds>: -8.820127 -8.749984 1.799999 1.25 1.25 1.8
					<Positions>: 24 -10.07013 -9.999984 -1.373291E-06 -10.07013 -7.499984 -1.373291E-06 -7.570127 -9.999984 -1.373291E-06 -7.570127 -7.499984 -1.373291E-06 -10.07013 -7.499984 3.599999 -7.570127 -9.999984 3.599999 -7.570127 -7.499984 3.599999 -10.07013 -9.999984 3.599999 -10.07013 -9.999984 3.599999 -7.570127 -9.999984 -1.373291E-06 -7.570127 -9.999984 3.599999 -10.07013 -9.999984 -1.373291E-06 -10.07013 -7.499984 3.599999 -10.07013 -9.999984 -1.373291E-06 -10.07013 -9.999984 3.599999 -10.07013 -7.499984 -1.373291E-06 -7.570127 -7.499984 3.599999 -10.07013 -7.499984 -1.373291E-06 -10.07013 -7.499984 3.599999 -7.570127 -7.499984 -1.373291E-06 -7.570127 -9.999984 3.599999 -7.570127 -7.499984 -1.373291E-06 -7.570127 -7.499984 3.599999 -7.570127 -9.999984 -1.373291E-06  
					<Colors>: 0  
					<Normals>: 24 0 0 -1 0 0 -1 0 0 -1 0 0 -1 0 0 1 0 0 1 0 0 1 0 0 1 0 -1 0 0 -1 0 0 -1 0 0 -1 0 -1 0 0 -1 0 0 -1 0 0 -1 0 0 0 1 0 0 1 0 0 1 0 0 1 0 1 0 0 1 0 0 1 0 0 1 0 0  
					<SubMeshes>: 1
						<SubMesh>: 0 36 0 1 2 2 1 3 4 5 6 4 7 5 8 9 10 8 11 9 12 13 14 12 15 13 16 17 18 16 19 17 20 21 22 20 23 21  
				</Mesh>
				<Materials>: 1
					<Material>: 0
						<AlbedoColor>: 1 1 1 1
						<EmissiveColor>: 0 0 0 0.9999999
						<Glossiness>: 0.5
						<Metallic>: 0
						<SpecularHighlight>: 1
						<GlossyReflection>: 1
				</Materials>
				<Children>: 0
			</Frame>
			<Frame>: 17 Box081
				<Transform>: 0 0 0 270 0 0 1 1 1 -0.7071068 0 0 0.7071068  
				<TransformMatrix>: 1 0 0 0 0 -1.192093E-07 -1 0 0 1 -1.192093E-07 0 0 0 0 1  
				<Mesh>: 24 Box081
					<Bounds>: 8.679886 -8.749974 0.9999995 1.25 1.25 1
					<Positions>: 24 7.429886 -9.999974 -4.577637E-07 7.429886 -7.499974 -4.577637E-07 9.929886 -9.999974 -4.577637E-07 9.929886 -7.499974 -4.577637E-07 7.429886 -7.499974 2 9.929886 -9.999974 2 9.929886 -7.499974 2 7.429886 -9.999974 2 7.429886 -9.999974 2 9.929886 -9.999974 -4.577637E-07 9.929886 -9.999974 2 7.429886 -9.999974 -4.577637E-07 7.429886 -7.499974 2 7.429886 -9.999974 -4.577637E-07 7.429886 -9.999974 2 7.429886 -7.499974 -4.577637E-07 9.929886 -7.499974 2 7.429886 -7.499974 -4.577637E-07 7.429886 -7.499974 2 9.929886 -7.499974 -4.577637E-07 9.929886 -9.999974 2 9.929886 -7.499974 -4.577637E-07 9.929886 -7.499974 2 9.929886 -9.999974 -4.577637E-07  
					<Colors>: 0  
					<Normals>: 24 0 0 -1 0 0 -1 0 0 -1 0 0 -1 0 0 1 0 0 1 0 0 1 0 0 1 0 -1 0 0 -1 0 0 -1 0 0 -1 0 -1 0 0 -1 0 0 -1 0 0 -1 0 0 0 1 0 0 1 0 0 1 0 0 1 0 1 0 0 1 0 0 1 0 0 1 0 0  
					<SubMeshes>: 1
						<SubMesh>: 0 36 0 1 2 2 1 3 4 5 6 4 7 5 8 9 10 8 11 9 12 13 14 12 15 13 16 17 18 16 19 17 20 21 22 20 23 21  
				</Mesh>
				<Materials>: 1
					<Material>: 0
						<AlbedoColor>: 1 1 1 1
						<EmissiveColor>: 0 0 0 0.9999999
						<Glossiness>: 0.5
						<Metallic>: 0
						<SpecularHighlight>: 1
						<GlossyReflection>: 1
				</Materials>
				<Children>: 0
			</Frame>
			<Frame>: 18 Box082
				<Transform>: 0 0 0 270 0 0 1 1 1 -0.7071068 0 0 0.7071068  
				<TransformMatrix>: 1 0 0 0 0 -1.192093E-07 -1 0 0 1 -1.192093E-07 0 0 0 0 1  
				<Mesh>: 24 Box082
					<Bounds>: 3.679883 -8.749975 0.5999997 1.25 1.25 0.6
					<Positions>: 24 2.429883 -9.999975 -2.288818E-07 2.429883 -7.499975 -2.288818E-07 4.929883 -9.999975 -2.288818E-07 4.929883 -7.499975 -2.288818E-07 2.429883 -7.499975 1.2 4.929883 -9.999975 1.2 4.929883 -7.499975 1.2 2.429883 -9.999975 1.2 2.429883 -9.999975 1.2 4.929883 -9.999975 -2.288818E-07 4.929883 -9.999975 1.2 2.429883 -9.999975 -2.288818E-07 2.429883 -7.499975 1.2 2.429883 -9.999975 -2.288818E-07 2.429883 -9.999975 1.2 2.429883 -7.499975 -2.288818E-07 4.929883 -7.499975 1.2 2.429883 -7.499975 -2.288818E-07 2.429883 -7.499975 1.2 4.929883 -7.499975 -2.288818E-07 4.929883 -9.999975 1.2 4.929883 -7.499975 -2.288818E-07 4.929883 -7.499975 1.2 4.929883 -9.999975 -2.288818E-07  
					<Colors>: 0  
					<Normals>: 24 0 0 -1 0 0 -1 0 0 -1 0 0 -1 0 0 1 0 0 1 0 0 1 0 0 1 0 -1 0 0 -1 0 0 -1 0 0 -1 0 -1 0 0 -1 0 0 -1 0 0 -1 0 0 0 1 0 0 1 0 0 1 0 0 1 0 1 0 0 1 0 0 1 0 0 1 0 0  
					<SubMeshes>: 1
						<SubMesh>: 0 36 0 1 2 2 1 3 4 5 6 4 7 5 8 9 10 8 11 9 12 13 14 12 15 13 16 17 18 16 19 17 20 21 22 20 23 21  
				</Mesh>
				<Materials>: 1
					<Material>: 0
						<AlbedoColor>: 1 1 1 1
						<EmissiveColor>: 0 0 0 0.9999999
						<Glossiness>: 0.5
						<Metallic>: 0
						<SpecularHighlight>: 1
						<GlossyReflection>: 1
				</Materials>
				<Children>: 0
			</Frame>
			<Frame>: 19 Box083
				<Transform>: 0 0 0 270 0 0 1 1 1 -0.7071068 0 0 0.7071068  
				<TransformMatrix>: 1 0 0 0 0 -1.192093E-07 -1 0 0 1 -1.192093E-07 0 0 0 0 1  
				<Mesh>: 24 Box083
					<Bounds>: -3.820127 -8.749974 1.799999 1.25 1.25 1.8
					<Positions>: 24 -5.070127 -9.999974 -6.866455E-07 -5.070127 -7.499974 -6.866455E-07 -2.570127 -9.999974 -6.866455E-07 -2.570127 -7.499974 -6.866455E-07 -5.070127 -7.499974 3.599999 -2.570127 -9.999974 3.599999 -2.570127 -7.499974 3.599999 -5.070127 -9.999974 3.599999 -5.070127 -9.999974 3.599999 -2.570127 -9.999974 -6.866455E-07 -2.570127 -9.999974 3.599999 -5.070127 -9.999974 -6.866455E-07 -5.070127 -7.499974 3.599999 -5.070127 -9.999974 -6.866455E-07 -5.070127 -9.999974 3.599999 -5.070127 -7.499974 -6.866455E-07 -2.570127 -7.499974 3.599999 -5.070127 -7.499974 -6.866455E-07 -5.070127 -7.499974 3.599999 -2.570127 -7.499974 -6.866455E-07 -2.570127 -9.999974 3.599999 -2.570127 -7.499974 -6.866455E-07 -2.570127 -7.499974 3.599999 -2.570127 -9.999974 -6.866455E-07  
					<Colors>: 0  
					<Normals>: 24 0 0 -1 0 0 -1 0 0 -1 0 0 -1 0 0 1 0 0 1 0 0 1 0 0 1 0 -1 0 0 -1 0 0 -1 0 0 -1 0 -1 0 0 -1 0 0 -1 0 0 -1 0 0 0 1 0 0 1 0 0 1 0 0 1 0 1 0 0 1 0 0 1 0 0 1 0 0  
					<SubMeshes>: 1
						<SubMesh>: 0 36 0 1 2 2 1 3 4 5 6 4 7 5 8 9 10 8 11 9 12 13 14 12 15 13 16 17 18 16 19 17 20 21 22 20 23 21  
				</Mesh>
				<Materials>: 1
					<Material>: 0
						<AlbedoColor>: 1 1 1 1
						<EmissiveColor>: 0 0 0 0.9999999
						<Glossiness>: 0.5
						<Metallic>: 0
						<SpecularHighlight>: 1
						<GlossyReflection>: 1
				</Materials>
				<Children>: 0
			</Frame>
			<Frame>: 20 Box084
				<Transform>: 0 0 0 270 0 0 1 1 1 -0.7071068 0 0 0.7071068  
				<TransformMatrix>: 1 0 0 0 0 -1.192093E-07 -1 0 0 1 -1.192093E-07 0 0 0 0 1  
				<Mesh>: 24 Box084
					<Bounds>: 6.249999 18.74996 0.9999987 1.25 1.25 1
					<Positions>: 24 4.999999 17.49996 -1.296997E-06 4.999999 19.99996 -1.296997E-06 7.499999 17.49996 -1.296997E-06 7.499999 19.99996 -1.296997E-06 4.999999 19.99996 1.999999 7.499999 17.49996 1.999999 7.499999 19.99996 1.999999 4.999999 17.49996 1.999999 4.999999 17.49996 1.999999 7.499999 17.49996 -1.296997E-06 7.499999 17.49996 1.999999 4.999999 17.49996 -1.296997E-06 4.999999 19.99996 1.999999 4.999999 17.49996 -1.296997E-06 4.999999 17.49996 1.999999 4.999999 19.99996 -1.296997E-06 7.499999 19.99996 1.999999 4.999999 19.99996 -1.296997E-06 4.999999 19.99996 1.999999 7.499999 19.99996 -1.296997E-06 7.499999 17.49996 1.999999 7.499999 19.99996 -1.296997E-06 7.499999 19.99996 1.999999 7.499999 17.49996 -1.296997E-06  
					<Colors>: 0  
					<Normals>: 24 0 0 -1 0 0 -1 0 0 -1 0 0 -1 0 0 1 0 0 1 0 0 1 0 0 1 0 -1 0 0 -1 0 0 -1 0 0 -1 0 -1 0 0 -1 0 0 -1 0 0 -1 0 0 0 1 0 0 1 0 0 1 0 0 1 0 1 0 0 1 0 0 1 0 0 1 0 0  
					<SubMeshes>: 1
						<SubMesh>: 0 36 0 1 2 2 1 3 4 5 6 4 7 5 8 9 10 8 11 9 12 13 14 12 15 13 16 17 18 16 19 17 20 21 22 20 23 21  
				</Mesh>
				<Materials>: 1
					<Material>: 0
						<AlbedoColor>: 1 1 1 1
						<EmissiveColor>: 0 0 0 0.9999999
						<Glossiness>: 0.5
						<Metallic>: 0
						<SpecularHighlight>: 1
						<GlossyReflection>: 1
				</Materials>
				<Children>: 0
			</Frame>
			<Frame>: 21 Box085
				<Transform>: 0 0 0 270 0 0 1 1 1 -0.7071068 0 0 0.7071068  
				<TransformMatrix>: 1 0 0 0 0 -1.192093E-07 -1 0 0 1 -1.192093E-07 0 0 0 0 1  
				<Mesh>: 24 Box085
					<Bounds>: -6.249999 18.74996 0.999999 1.25 1.25 1
					<Positions>: 24 -7.499999 17.49996 -9.155273E-07 -7.499999 19.99996 -9.155273E-07 -4.999999 17.49996 -9.155273E-07 -4.999999 19.99996 -9.155273E-07 -7.499999 19.99996 1.999999 -4.999999 17.49996 1.999999 -4.999999 19.99996 1.999999 -7.499999 17.49996 1.999999 -7.499999 17.49996 1.999999 -4.999999 17.49996 -9.155273E-07 -4.999999 17.49996 1.999999 -7.499999 17.49996 -9.155273E-07 -7.499999 19.99996 1.999999 -7.499999 17.49996 -9.155273E-07 -7.499999 17.49996 1.999999 -7.499999 19.99996 -9.155273E-07 -4.999999 19.99996 1.999999 -7.499999 19.99996 -9.155273E-07 -7.499999 19.99996 1.999999 -4.999999 19.99996 -9.155273E-07 -4.999999 17.49996 1.999999 -4.999999 19.99996 -9.155273E-07 -4.999999 19.99996 1.999999 -4.999999 17.49996 -9.155273E-07  
					<Colors>: 0  
					<Normals>: 24 0 0 -1 0 0 -1 0 0 -1 0 0 -1 0 0 1 0 0 1 0 0 1 0 0 1 0 -1 0 0 -1 0 0 -1 0 0 -1 0 -1 0 0 -1 0 0 -1 0 0 -1 0 0 0 1 0 0 1 0 0 1 0 0 1 0 1 0 0 1 0 0 1 0 0 1 0 0  
					<SubMeshes>: 1
						<SubMesh>: 0 36 0 1 2 2 1 3 4 5 6 4 7 5 8 9 10 8 11 9 12 13 14 12 15 13 16 17 18 16 19 17 20 21 22 20 23 21  
				</Mesh>
				<Materials>: 1
					<Material>: 0
						<AlbedoColor>: 1 1 1 1
						<EmissiveColor>: 0 0 0 0.9999999
						<Glossiness>: 0.5
						<Metallic>: 0
						<SpecularHighlight>: 1
						<GlossyReflection>: 1
				</Materials>
				<Children>: 0
			</Frame>
			<Frame>: 22 Box086
				<Transform>: 0 0 0 270 0 0 1 1 1 -0.7071068 0 0 0.7071068  
				<TransformMatrix>: 1 0 0 0 0 -1.192093E-07 -1 0 0 1 -1.192093E-07 0 0 0 0 1  
				<Mesh>: 24 Box086
					<Bounds>: -0.07011652 1.249999 1.799999 7.5 1.25 1.8
					<Positions>: 24 7.429883 2.499999 -1.220703E-06 7.429883 -9.155273E-07 -1.220703E-06 -7.570117 2.499999 -1.220703E-06 -7.570117 -9.155273E-07 -1.220703E-06 -7.570117 2.499999 3.599999 7.429883 -9.155273E-07 3.599999 7.429883 2.499999 3.599999 -7.570117 -9.155273E-07 3.599999 -7.570117 -9.155273E-07 3.599999 7.429883 -9.155273E-07 -1.220703E-06 7.429883 -9.155273E-07 3.599999 -7.570117 -9.155273E-07 -1.220703E-06 -7.570117 2.499999 3.599999 -7.570117 -9.155273E-07 -1.220703E-06 -7.570117 -9.155273E-07 3.599999 -7.570117 2.499999 -1.220703E-06 7.429883 2.499999 3.599999 -7.570117 2.499999 -1.220703E-06 -7.570117 2.499999 3.599999 7.429883 2.499999 -1.220703E-06 7.429883 -9.155273E-07 3.599999 7.429883 2.499999 -1.220703E-06 7.429883 2.499999 3.599999 7.429883 -9.155273E-07 -1.220703E-06  
					<Colors>: 0  
					<Normals>: 24 0 0 -1 0 0 -1 0 0 -1 0 0 -1 0 0 1 0 0 1 0 0 1 0 0 1 0 -1 0 0 -1 0 0 -1 0 0 -1 0 -1 0 0 -1 0 0 -1 0 0 -1 0 0 0 1 0 0 1 0 0 1 0 0 1 0 1 0 0 1 0 0 1 0 0 1 0 0  
					<SubMeshes>: 1
						<SubMesh>: 0 36 0 1 2 3 2 1 4 5 6 4 7 5 8 9 10 8 11 9 12 13 14 12 15 13 16 17 18 16 19 17 20 21 22 20 23 21  
				</Mesh>
				<Materials>: 1
					<Material>: 0
						<AlbedoColor>: 1 1 1 1
						<EmissiveColor>: 0 0 0 0.9999999
						<Glossiness>: 0.5
						<Metallic>: 0
						<SpecularHighlight>: 1
						<GlossyReflection>: 1
				</Materials>
				<Children>: 0
			</Frame>
			<Frame>: 23 Box087
				<Transform>: 0 0 0 270 0 0 1 1 1 -0.7071068 0 0 0.7071068  
				<TransformMatrix>: 1 0 0 0 0 -1.192093E-07 -1 0 0 1 -1.192093E-07 0 0 0 0 1  
				<Mesh>: 24 Box087
					<Bounds>: -0.07011771 -3.749989 1.799999 7.5 1.25 1.8
					<Positions>: 24 7.429882 -2.499989 -6.103515E-07 7.429882 -4.999989 -6.103515E-07 -7.570117 -2.499989 -6.103515E-07 -7.570117 -4.999989 -6.103515E-07 -7.570117 -2.499989 3.599999 7.429882 -4.999989 3.599999 7.429882 -2.499989 3.599999 -7.570117 -4.999989 3.599999 -7.570117 -4.999989 3.599999 7.429882 -4.999989 -6.103515E-07 7.429882 -4.999989 3.599999 -7.570117 -4.999989 -6.103515E-07 -7.570117 -2.499989 3.599999 -7.570117 -4.999989 -6.103515E-07 -7.570117 -4.999989 3.599999 -7.570117 -2.499989 -6.103515E-07 7.429882 -2.499989 3.599999 -7.570117 -2.499989 -6.103515E-07 -7.570117 -2.499989 3.599999 7.429882 -2.499989 -6.103515E-07 7.429882 -4.999989 3.599999 7.429882 -2.499989 -6.103515E-07 7.429882 -2.499989 3.599999 7.429882 -4.999989 -6.103515E-07  
					<Colors>: 0  
					<Normals>: 24 0 0 -1 0 0 -1 0 0 -1 0 0 -1 0 0 1 0 0 1 0 0 1 0 0 1 0 -1 0 0 -1 0 0 -1 0 0 -1 0 -1 0 0 -1 0 0 -1 0 0 -1 0 0 0 1 0 0 1 0 0 1 0 0 1 0 1 0 0 1 0 0 1 0 0 1 0 0  
					<SubMeshes>: 1
						<SubMesh>: 0 36 0 1 2 3 2 1 4 5 6 4 7 5 8 9 10 8 11 9 12 13 14 12 15 13 16 17 18 16 19 17 20 21 22 20 23 21  
				</Mesh>
				<Materials>: 1
					<Material>: 0
						<AlbedoColor>: 1 1 1 1
						<EmissiveColor>: 0 0 0 0.9999999
						<Glossiness>: 0.5
						<Metallic>: 0
						<SpecularHighlight>: 1
						<GlossyReflection>: 1
				</Materials>
				<Children>: 0
			</Frame>
			<Frame>: 24 Box088
				<Transform>: 0 0 0 270 0 0 1 1 1 -0.7071068 0 0 0.7071068  
				<TransformMatrix>: 1 0 0 0 0 -1.192093E-07 -1 0 0 1 -1.192093E-07 0 0 0 0 1  
				<Mesh>: 24 Box088
					<Bounds>: -3.820123 -16.24996 1.799999 1.25 3.75 1.8
					<Positions>: 24 -2.570123 -19.99996 -7.629394E-07 -5.070123 -19.99996 -7.629394E-07 -2.570123 -12.49996 -7.629394E-07 -5.070123 -12.49996 -7.629394E-07 -2.570123 -12.49996 3.599999 -5.070123 -12.49996 3.599999 -5.070123 -19.99996 3.599999 -2.570123 -19.99996 3.599999 -5.070123 -12.49996 3.599999 -5.070123 -19.99996 -7.629394E-07 -5.070123 -19.99996 3.599999 -5.070123 -12.49996 -7.629394E-07 -2.570123 -12.49996 3.599999 -5.070123 -12.49996 -7.629394E-07 -5.070123 -12.49996 3.599999 -2.570123 -12.49996 -7.629394E-07 -2.570123 -19.99996 3.599999 -2.570123 -12.49996 -7.629394E-07 -2.570123 -12.49996 3.599999 -2.570123 -19.99996 -7.629394E-07 -5.070123 -19.99996 3.599999 -2.570123 -19.99996 -7.629394E-07 -2.570123 -19.99996 3.599999 -5.070123 -19.99996 -7.629394E-07  
					<Colors>: 0  
					<Normals>: 24 0 0 -1 0 0 -1 0 0 -1 0 0 -1 0 0 1 0 0 1 0 0 1 0 0 1 -1 0 0 -1 0 0 -1 0 0 -1 0 0 0 1 0 0 1 0 0 1 0 0 1 0 1 0 0 1 0 0 1 0 0 1 0 0 0 -1 0 0 -1 0 0 -1 0 0 -1 0  
					<SubMeshes>: 1
						<SubMesh>: 0 36 0 1 2 1 3 2 4 5 6 6 7 4 8 9 10 8 11 9 12 13 14 12 15 13 16 17 18 16 19 17 20 21 22 20 23 21  
				</Mesh>
				<Materials>: 1
					<Material>: 0
						<AlbedoColor>: 1 1 1 1
						<EmissiveColor>: 0 0 0 0.9999999
						<Glossiness>: 0.5
						<Metallic>: 0
						<SpecularHighlight>: 1
						<GlossyReflection>: 1
				</Materials>
				<Children>: 0
			</Frame>
			<Frame>: 25 Box089
				<Transform>: 0 0 0 270 0 0 1 1 1 -0.7071068 0 0 0.7071068  
				<TransformMatrix>: 1 0 0 0 0 -1.192093E-07 -1 0 0 1 -1.192093E-07 0 0 0 0 1  
				<Mesh>: 24 Box089
					<Bounds>: 3.67989 -16.24996 1.799999 1.25 3.75 1.8
					<Positions>: 24 4.92989 -19.99996 -1.296997E-06 2.42989 -19.99996 -1.296997E-06 2.42989 -12.49996 -1.296997E-06 4.92989 -12.49996 -1.296997E-06 2.42989 -12.49996 3.599999 2.42989 -19.99996 3.599999 4.92989 -19.99996 3.599999 4.92989 -12.49996 3.599999 2.42989 -12.49996 3.599999 2.42989 -19.99996 -1.296997E-06 2.42989 -19.99996 3.599999 2.42989 -12.49996 -1.296997E-06 4.92989 -12.49996 3.599999 2.42989 -12.49996 -1.296997E-06 2.42989 -12.49996 3.599999 4.92989 -12.49996 -1.296997E-06 4.92989 -19.99996 3.599999 4.92989 -12.49996 -1.296997E-06 4.92989 -12.49996 3.599999 4.92989 -19.99996 -1.296997E-06 2.42989 -19.99996 3.599999 4.92989 -19.99996 -1.296997E-06 4.92989 -19.99996 3.599999 2.42989 -19.99996 -1.296997E-06  
					<Colors>: 0  
					<Normals>: 24 0 0 -1 0 0 -1 0 0 -1 0 0 -1 0 0 1 0 0 1 0 0 1 0 0 1 -1 0 0 -1 0 0 -1 0 0 -1 0 0 0 1 0 0 1 0 0 1 0 0 1 0 1 0 0 1 0 0 1 0 0 1 0 0 0 -1 0 0 -1 0 0 -1 0 0 -1 0  
					<SubMeshes>: 1
						<SubMesh>: 0 36 0 1 2 2 3 0 4 5 6 6 7 4 8 9 10 8 11 9 12 13 14 12 15 13 16 17 18 16 19 17 20 21 22 20 23 21  
				</Mesh>
				<Materials>: 1
					<Material>: 0
						<AlbedoColor>: 1 1 1 1
						<EmissiveColor>: 0 0 0 0.9999999
						<Glossiness>: 0.5
						<Metallic>: 0
						<SpecularHighlight>: 1
						<GlossyReflection>: 1
				</Materials>
				<Children>: 0
			</Frame>
			<Frame>: 26 Box090
				<Transform>: 0 0 0 270 0 0 1 1 1 -0.7071068 0 0 0.7071068  
				<TransformMatrix>: 1 0 0 0 0 -1.192093E-07 -1 0 0 1 -1.192093E-07 0 0 0 0 1  
				<Mesh>: 24 Box090
					<Bounds>: 17.42989 -12.49998 1.799999 2.5 2.5 1.8
					<Positions>: 24 14.92989 -14.99998 -6.866455E-07 14.92989 -9.999979 -6.866455E-07 19.92989 -14.99998 -6.866455E-07 19.92989 -9.999979 -6.866455E-07 14.92989 -9.999979 3.599999 19.92989 -14.99998 3.599999 19.92989 -9.999979 3.599999 14.92989 -14.99998 3.599999 14.92989 -14.99998 3.599999 19.92989 -14.99998 -6.866455E-07 19.92989 -14.99998 3.599999 14.92989 -14.99998 -6.866455E-07 14.92989 -9.999979 3.599999 14.92989 -14.99998 -6.866455E-07 14.92989 -14.99998 3.599999 14.92989 -9.999979 -6.866455E-07 19.92989 -9.999979 3.599999 14.92989 -9.999979 -6.866455E-07 14.92989 -9.999979 3.599999 19.92989 -9.999979 -6.866455E-07 19.92989 -14.99998 3.599999 19.92989 -9.999979 -6.866455E-07 19.92989 -9.999979 3.599999 19.92989 -14.99998 -6.866455E-07  
					<Colors>: 0  
					<Normals>: 24 0 0 -1 0 0 -1 0 0 -1 0 0 -1 0 0 1 0 0 1 0 0 1 0 0 1 0 -1 0 0 -1 0 0 -1 0 0 -1 0 -1 0 0 -1 0 0 -1 0 0 -1 0 0 0 1 0 0 1 0 0 1 0 0 1 0 1 0 0 1 0 0 1 0 0 1 0 0  
					<SubMeshes>: 1
						<SubMesh>: 0 36 0 1 2 2 1 3 4 5 6 4 7 5 8 9 10 8 11 9 12 13 14 12 15 13 16 17 18 16 19 17 20 21 22 20 23 21  
				</Mesh>
				<Materials>: 1
					<Material>: 0
						<AlbedoColor>: 1 1 1 1
						<EmissiveColor>: 0 0 0 0.9999999
						<Glossiness>: 0.5
						<Metallic>: 0
						<SpecularHighlight>: 1
						<GlossyReflection>: 1
				</Materials>
				<Children>: 0
			</Frame>
			<Frame>: 27 Box091
				<Transform>: 0 0 0 270 0 0 1 1 1 -0.7071068 0 0 0.7071068  
				<TransformMatrix>: 1 0 0 0 0 -1.192093E-07 -1 0 0 1 -1.192093E-07 0 0 0 0 1  
				<Mesh>: 24 Box091
					<Bounds>: -17.57013 -12.49997 1.8 2.5 2.5 1.8
					<Positions>: 24 -20.07013 -14.99997 0 -20.07013 -9.999974 0 -15.07013 -14.99997 0 -15.07013 -9.999974 0 -20.07013 -9.999974 3.6 -15.07013 -14.99997 3.6 -15.07013 -9.999974 3.6 -20.07013 -14.99997 3.6 -20.07013 -14.99997 3.6 -15.07013 -14.99997 0 -15.07013 -14.99997 3.6 -20.07013 -14.99997 0 -20.07013 -9.999974 3.6 -20.07013 -14.99997 0 -20.07013 -14.99997 3.6 -20.07013 -9.999974 0 -15.07013 -9.999974 3.6 -20.07013 -9.999974 0 -20.07013 -9.999974 3.6 -15.07013 -9.999974 0 -15.07013 -14.99997 3.6 -15.07013 -9.999974 0 -15.07013 -9.999974 3.6 -15.07013 -14.99997 0  
					<Colors>: 0  
					<Normals>: 24 0 0 -1 0 0 -1 0 0 -1 0 0 -1 0 0 1 0 0 1 0 0 1 0 0 1 0 -1 0 0 -1 0 0 -1 0 0 -1 0 -1 0 0 -1 0 0 -1 0 0 -1 0 0 0 1 0 0 1 0 0 1 0 0 1 0 1 0 0 1 0 0 1 0 0 1 0 0  
					<SubMeshes>: 1
						<SubMesh>: 0 36 0 1 2 2 1 3 4 5 6 4 7 5 8 9 10 8 11 9 12 13 14 12 15 13 16 17 18 16 19 17 20 21 22 20 23 21  
				</Mesh>
				<Materials>: 1
					<Material>: 0
						<AlbedoColor>: 1 1 1 1
						<EmissiveColor>: 0 0 0 0.9999999
						<Glossiness>: 0.5
						<Metallic>: 0
						<SpecularHighlight>: 1
						<GlossyReflection>: 1
				</Materials>
				<Children>: 0
			</Frame>
			<Frame>: 28 Box092
				<Transform>: 0 0 0 270 0 0 1 1 1 -0.7071068 0 0 0.7071068  
				<TransformMatrix>: 1 0 0 0 0 -1.192093E-07 -1 0 0 1 -1.192093E-07 0 0 0 0 1  
				<Mesh>: 24 Box092
					<Bounds>: -15.07012 -18.74997 1.799999 7.5 1.25 1.8
					<Positions>: 24 -7.570117 -17.49997 -1.220703E-06 -7.570117 -19.99997 -1.220703E-06 -22.57012 -17.49997 -1.220703E-06 -22.57012 -19.99997 -1.220703E-06 -22.57012 -17.49997 3.599999 -7.570117 -19.99997 3.599999 -7.570117 -17.49997 3.599999 -22.57012 -19.99997 3.599999 -22.57012 -19.99997 3.599999 -7.570117 -19.99997 -1.220703E-06 -7.570117 -19.99997 3.599999 -22.57012 -19.99997 -1.220703E-06 -22.57012 -17.49997 3.599999 -22.57012 -19.99997 -1.220703E-06 -22.57012 -19.99997 3.599999 -22.57012 -17.49997 -1.220703E-06 -7.570117 -17.49997 3.599999 -22.57012 -17.49997 -1.220703E-06 -22.57012 -17.49997 3.599999 -7.570117 -17.49997 -1.220703E-06 -7.570117 -19.99997 3.599999 -7.570117 -17.49997 -1.220703E-06 -7.570117 -17.49997 3.599999 -7.570117 -19.99997 -1.220703E-06  
					<Colors>: 0  
					<Normals>: 24 0 0 -1 0 0 -1 0 0 -1 0 0 -1 0 0 1 0 0 1 0 0 1 0 0 1 0 -1 0 0 -1 0 0 -1 0 0 -1 0 -1 0 0 -1 0 0 -1 0 0 -1 0 0 0 1 0 0 1 0 0 1 0 0 1 0 1 0 0 1 0 0 1 0 0 1 0 0  
					<SubMeshes>: 1
						<SubMesh>: 0 36 0 1 2 3 2 1 4 5 6 4 7 5 8 9 10 8 11 9 12 13 14 12 15 13 16 17 18 16 19 17 20 21 22 20 23 21  
				</Mesh>
				<Materials>: 1
					<Material>: 0
						<AlbedoColor>: 1 1 1 1
						<EmissiveColor>: 0 0 0 0.9999999
						<Glossiness>: 0.5
						<Metallic>: 0
						<SpecularHighlight>: 1
						<GlossyReflection>: 1
				</Materials>
				<Children>: 0
			</Frame>
			<Frame>: 29 Box093
				<Transform>: 0 0 0 270 0 0 1 1 1 -0.7071068 0 0 0.7071068  
				<TransformMatrix>: 1 0 0 0 0 -1.192093E-07 -1 0 0 1 -1.192093E-07 0 0 0 0 1  
				<Mesh>: 24 Box093
					<Bounds>: 14.92988 -18.74996 1.799999 7.5 1.25 1.8
					<Positions>: 24 22.42988 -17.49996 -1.296997E-06 22.42988 -19.99996 -1.296997E-06 7.429878 -17.49996 -1.296997E-06 7.429878 -19.99996 -1.296997E-06 7.429878 -17.49996 3.599999 22.42988 -19.99996 3.599999 22.42988 -17.49996 3.599999 7.429878 -19.99996 3.599999 7.429878 -19.99996 3.599999 22.42988 -19.99996 -1.296997E-06 22.42988 -19.99996 3.599999 7.429878 -19.99996 -1.296997E-06 7.429878 -17.49996 3.599999 7.429878 -19.99996 -1.296997E-06 7.429878 -19.99996 3.599999 7.429878 -17.49996 -1.296997E-06 22.42988 -17.49996 3.599999 7.429878 -17.49996 -1.296997E-06 7.429878 -17.49996 3.599999 22.42988 -17.49996 -1.296997E-06 22.42988 -19.99996 3.599999 22.42988 -17.49996 -1.296997E-06 22.42988 -17.49996 3.599999 22.42988 -19.99996 -1.296997E-06  
					<Colors>: 0  
					<Normals>: 24 0 0 -1 0 0 -1 0 0 -1 0 0 -1 0 0 1 0 0 1 0 0 1 0 0 1 0 -1 0 0 -1 0 0 -1 0 0 -1 0 -1 0 0 -1 0 0 -1 0 0 -1 0 0 0 1 0 0 1 0 0 1 0 0 1 0 1 0 0 1 0 0 1 0 0 1 0 0  
					<SubMeshes>: 1
						<SubMesh>: 0 36 0 1 2 3 2 1 4 5 6 4 7 5 8 9 10 8 11 9 12 13 14 12 15 13 16 17 18 16 19 17 20 21 22 20 23 21  
				</Mesh>
				<Materials>: 1
					<Material>: 0
						<AlbedoColor>: 1 1 1 1
						<EmissiveColor>: 0 0 0 0.9999999
						<Glossiness>: 0.5
						<Metallic>: 0
						<SpecularHighlight>: 1
						<GlossyReflection>: 1
				</Materials>
				<Children>: 0
			</Frame>
			<Frame>: 30 Box094
				<Transform>: 0 0 0 270 0 0 1 1 1 -0.7071068 0 0 0.7071068  
				<TransformMatrix>: 1 0 0 0 0 -1.192093E-07 -1 0 0 1 -1.192093E-07 0 0 0 0 1  
				<Mesh>: 24 Box094
					<Bounds>: -12.90001 -2.500018 0.5999995 0.4000001 5 0.6
					<Positions>: 24 -12.50001 -7.500018 -5.340576E-07 -13.30001 -7.500018 -5.340576E-07 -12.50001 2.499982 -5.340576E-07 -13.30001 2.499982 -5.340576E-07 -12.50001 2.499982 1.199999 -13.30001 2.499982 1.199999 -13.30001 -7.500018 1.199999 -12.50001 -7.500018 1.199999 -13.30001 2.499982 1.199999 -13.30001 -7.500018 -5.340576E-07 -13.30001 -7.500018 1.199999 -13.30001 2.499982 -5.340576E-07 -12.50001 2.499982 1.199999 -13.30001 2.499982 -5.340576E-07 -13.30001 2.499982 1.199999 -12.50001 2.499982 -5.340576E-07 -12.50001 -7.500018 1.199999 -12.50001 2.499982 -5.340576E-07 -12.50001 2.499982 1.199999 -12.50001 -7.500018 -5.340576E-07 -13.30001 -7.500018 1.199999 -12.50001 -7.500018 -5.340576E-07 -12.50001 -7.500018 1.199999 -13.30001 -7.500018 -5.340576E-07  
					<Colors>: 0  
					<Normals>: 24 0 0 -1 0 0 -1 0 0 -1 0 0 -1 0 0 1 0 0 1 0 0 1 0 0 1 -1 0 0 -1 0 0 -1 0 0 -1 0 0 0 1 0 0 1 0 0 1 0 0 1 0 1 0 0 1 0 0 1 0 0 1 0 0 0 -1 0 0 -1 0 0 -1 0 0 -1 0  
					<SubMeshes>: 1
						<SubMesh>: 0 36 0 1 2 1 3 2 4 5 6 6 7 4 8 9 10 8 11 9 12 13 14 12 15 13 16 17 18 16 19 17 20 21 22 20 23 21  
				</Mesh>
				<Materials>: 1
					<Material>: 0
						<AlbedoColor>: 1 1 1 1
						<EmissiveColor>: 0 0 0 0.9999999
						<Glossiness>: 0.5
						<Metallic>: 0
						<SpecularHighlight>: 1
						<GlossyReflection>: 1
				</Materials>
				<Children>: 0
			</Frame>
			<Frame>: 31 Box095
				<Transform>: 0 0 0 270 0 0 1 1 1 -0.7071068 0 0 0.7071068  
				<TransformMatrix>: 1 0 0 0 0 -1.192093E-07 -1 0 0 1 -1.192093E-07 0 0 0 0 1  
				<Mesh>: 24 Box095
					<Bounds>: -19.60001 -2.499989 0.6000001 0.4000006 5 0.6
					<Positions>: 24 -19.20001 -7.499989 1.525879E-07 -20.00001 -7.499989 1.525879E-07 -19.20001 2.500011 1.525879E-07 -20.00001 2.500011 1.525879E-07 -19.20001 2.500011 1.2 -20.00001 2.500011 1.2 -20.00001 -7.499989 1.2 -19.20001 -7.499989 1.2 -20.00001 2.500011 1.2 -20.00001 -7.499989 1.525879E-07 -20.00001 -7.499989 1.2 -20.00001 2.500011 1.525879E-07 -19.20001 2.500011 1.2 -20.00001 2.500011 1.525879E-07 -20.00001 2.500011 1.2 -19.20001 2.500011 1.525879E-07 -19.20001 -7.499989 1.2 -19.20001 2.500011 1.525879E-07 -19.20001 2.500011 1.2 -19.20001 -7.499989 1.525879E-07 -20.00001 -7.499989 1.2 -19.20001 -7.499989 1.525879E-07 -19.20001 -7.499989 1.2 -20.00001 -7.499989 1.525879E-07  
					<Colors>: 0  
					<Normals>: 24 0 0 -1 0 0 -1 0 0 -1 0 0 -1 0 0 1 0 0 1 0 0 1 0 0 1 -1 0 0 -1 0 0 -1 0 0 -1 0 0 0 1 0 0 1 0 0 1 0 0 1 0 1 0 0 1 0 0 1 0 0 1 0 0 0 -1 0 0 -1 0 0 -1 0 0 -1 0  
					<SubMeshes>: 1
						<SubMesh>: 0 36 0 1 2 1 3 2 4 5 6 6 7 4 8 9 10 8 11 9 12 13 14 12 15 13 16 17 18 16 19 17 20 21 22 20 23 21  
				</Mesh>
				<Materials>: 1
					<Material>: 0
						<AlbedoColor>: 1 1 1 1
						<EmissiveColor>: 0 0 0 0.9999999
						<Glossiness>: 0.5
						<Metallic>: 0
						<SpecularHighlight>: 1
						<GlossyReflection>: 1
				</Materials>
				<Children>: 0
			</Frame>
			<Frame>: 32 Box096
				<Transform>: 0 0 0 270 0 0 1 1 1 -0.7071068 0 0 0.7071068  
				<TransformMatrix>: 1 0 0 0 0 -1.192093E-07 -1 0 0 1 -1.192093E-07 0 0 0 0 1  
				<Mesh>: 24 Box096
					<Bounds>: -16.25001 -7.099988 0.6000004 2.95 0.4000008 0.6
					<Positions>: 24 -19.20001 -7.499988 4.577637E-07 -19.20001 -6.699987 4.577637E-07 -13.30001 -6.699989 4.577637E-07 -13.30001 -7.499989 4.577637E-07 -13.30001 -6.699989 1.2 -19.20001 -6.699987 1.2 -19.20001 -7.499988 1.2 -13.30001 -7.499989 1.2 -13.30001 -6.699989 1.2 -19.20001 -6.699987 4.577637E-07 -19.20001 -6.699987 1.2 -13.30001 -6.699989 4.577637E-07 -13.30001 -7.499989 1.2 -13.30001 -6.699989 4.577637E-07 -13.30001 -6.699989 1.2 -13.30001 -7.499989 4.577637E-07 -19.20001 -7.499988 1.2 -13.30001 -7.499989 4.577637E-07 -13.30001 -7.499989 1.2 -19.20001 -7.499988 4.577637E-07 -19.20001 -6.699987 1.2 -19.20001 -7.499988 4.577637E-07 -19.20001 -7.499988 1.2 -19.20001 -6.699987 4.577637E-07  
					<Colors>: 0  
					<Normals>: 24 0 0 -1 0 0 -1 0 0 -1 0 0 -1 0 0 1 0 0 1 0 0 1 0 0 1 2.068988E-07 1 0 2.068988E-07 1 0 2.068988E-07 1 0 2.068988E-07 1 0 1 0 0 1 0 0 1 0 0 1 0 0 -2.068988E-07 -1 0 -2.068988E-07 -1 0 -2.068988E-07 -1 0 -2.068988E-07 -1 0 -1 0 0 -1 0 0 -1 0 0 -1 0 0  
					<SubMeshes>: 1
						<SubMesh>: 0 36 0 1 2 2 3 0 4 5 6 6 7 4 8 9 10 8 11 9 12 13 14 12 15 13 16 17 18 16 19 17 20 21 22 20 23 21  
				</Mesh>
				<Materials>: 1
					<Material>: 0
						<AlbedoColor>: 1 1 1 1
						<EmissiveColor>: 0 0 0 0.9999999
						<Glossiness>: 0.5
						<Metallic>: 0
						<SpecularHighlight>: 1
						<GlossyReflection>: 1
				</Materials>
				<Children>: 0
			</Frame>
			<Frame>: 33 Box097
				<Transform>: 0 0 0 270 0 0 1 1 1 -0.7071068 0 0 0.7071068  
				<TransformMatrix>: 1 0 0 0 0 -1.192093E-07 -1 0 0 1 -1.192093E-07 0 0 0 0 1  
				<Mesh>: 24 Box097
					<Bounds>: 19.52988 -2.50002 0.5999978 0.4000006 5 0.6
					<Positions>: 24 19.92988 -7.50002 -2.212524E-06 19.12988 -7.50002 -2.212524E-06 19.92988 2.49998 -2.212524E-06 19.12988 2.49998 -2.212524E-06 19.92988 2.49998 1.199998 19.12988 2.49998 1.199998 19.12988 -7.50002 1.199998 19.92988 -7.50002 1.199998 19.12988 2.49998 1.199998 19.12988 -7.50002 -2.212524E-06 19.12988 -7.50002 1.199998 19.12988 2.49998 -2.212524E-06 19.92988 2.49998 1.199998 19.12988 2.49998 -2.212524E-06 19.12988 2.49998 1.199998 19.92988 2.49998 -2.212524E-06 19.92988 -7.50002 1.199998 19.92988 2.49998 -2.212524E-06 19.92988 2.49998 1.199998 19.92988 -7.50002 -2.212524E-06 19.12988 -7.50002 1.199998 19.92988 -7.50002 -2.212524E-06 19.92988 -7.50002 1.199998 19.12988 -7.50002 -2.212524E-06  
					<Colors>: 0  
					<Normals>: 24 0 0 -1 0 0 -1 0 0 -1 0 0 -1 0 0 1 0 0 1 0 0 1 0 0 1 -1 0 0 -1 0 0 -1 0 0 -1 0 0 0 1 0 0 1 0 0 1 0 0 1 0 1 0 0 1 0 0 1 0 0 1 0 0 0 -1 0 0 -1 0 0 -1 0 0 -1 0  
					<SubMeshes>: 1
						<SubMesh>: 0 36 0 1 2 1 3 2 4 5 6 6 7 4 8 9 10 8 11 9 12 13 14 12 15 13 16 17 18 16 19 17 20 21 22 20 23 21  
				</Mesh>
				<Materials>: 1
					<Material>: 0
						<AlbedoColor>: 1 1 1 1
						<EmissiveColor>: 0 0 0 0.9999999
						<Glossiness>: 0.5
						<Metallic>: 0
						<SpecularHighlight>: 1
						<GlossyReflection>: 1
				</Materials>
				<Children>: 0
			</Frame>
			<Frame>: 34 Box098
				<Transform>: 0 0 0 270 0 0 1 1 1 -0.7071068 0 0 0.7071068  
				<TransformMatrix>: 1 0 0 0 0 -1.192093E-07 -1 0 0 1 -1.192093E-07 0 0 0 0 1  
				<Mesh>: 24 Box098
					<Bounds>: 12.82989 -2.49999 0.5999985 0.4000001 5 0.6
					<Positions>: 24 13.22989 -7.49999 -1.525879E-06 12.42989 -7.49999 -1.525879E-06 13.22989 2.500009 -1.525879E-06 12.42989 2.500009 -1.525879E-06 13.22989 2.500009 1.199998 12.42989 2.500009 1.199998 12.42989 -7.49999 1.199998 13.22989 -7.49999 1.199998 12.42989 2.500009 1.199998 12.42989 -7.49999 -1.525879E-06 12.42989 -7.49999 1.199998 12.42989 2.500009 -1.525879E-06 13.22989 2.500009 1.199998 12.42989 2.500009 -1.525879E-06 12.42989 2.500009 1.199998 13.22989 2.500009 -1.525879E-06 13.22989 -7.49999 1.199998 13.22989 2.500009 -1.525879E-06 13.22989 2.500009 1.199998 13.22989 -7.49999 -1.525879E-06 12.42989 -7.49999 1.199998 13.22989 -7.49999 -1.525879E-06 13.22989 -7.49999 1.199998 12.42989 -7.49999 -1.525879E-06  
					<Colors>: 0  
					<Normals>: 24 0 0 -1 0 0 -1 0 0 -1 0 0 -1 0 0 1 0 0 1 0 0 1 0 0 1 -1 0 0 -1 0 0 -1 0 0 -1 0 0 0 1 0 0 1 0 0 1 0 0 1 0 1 0 0 1 0 0 1 0 0 1 0 0 0 -1 0 0 -1 0 0 -1 0 0 -1 0  
					<SubMeshes>: 1
						<SubMesh>: 0 36 0 1 2 1 3 2 4 5 6 6 7 4 8 9 10 8 11 9 12 13 14 12 15 13 16 17 18 16 19 17 20 21 22 20 23 21  
				</Mesh>
				<Materials>: 1
					<Material>: 0
						<AlbedoColor>: 1 1 1 1
						<EmissiveColor>: 0 0 0 0.9999999
						<Glossiness>: 0.5
						<Metallic>: 0
						<SpecularHighlight>: 1
						<GlossyReflection>: 1
				</Materials>
				<Children>: 0
			</Frame>
			<Frame>: 35 Box099
				<Transform>: 0 0 0 270 0 0 1 1 1 -0.7071068 0 0 0.7071068  
				<TransformMatrix>: 1 0 0 0 0 -1.192093E-07 -1 0 0 1 -1.192093E-07 0 0 0 0 1  
				<Mesh>: 24 Box099
					<Bounds>: 16.17989 -7.09999 0.5999988 2.95 0.4000006 0.6
					<Positions>: 24 13.22989 -7.49999 -1.220703E-06 13.22989 -6.699989 -1.220703E-06 19.12989 -6.699991 -1.220703E-06 19.12989 -7.49999 -1.220703E-06 19.12989 -6.699991 1.199999 13.22989 -6.699989 1.199999 13.22989 -7.49999 1.199999 19.12989 -7.49999 1.199999 19.12989 -6.699991 1.199999 13.22989 -6.699989 -1.220703E-06 13.22989 -6.699989 1.199999 19.12989 -6.699991 -1.220703E-06 19.12989 -7.49999 1.199999 19.12989 -6.699991 -1.220703E-06 19.12989 -6.699991 1.199999 19.12989 -7.49999 -1.220703E-06 13.22989 -7.49999 1.199999 19.12989 -7.49999 -1.220703E-06 19.12989 -7.49999 1.199999 13.22989 -7.49999 -1.220703E-06 13.22989 -6.699989 1.199999 13.22989 -7.49999 -1.220703E-06 13.22989 -7.49999 1.199999 13.22989 -6.699989 -1.220703E-06  
					<Colors>: 0  
					<Normals>: 24 0 0 -1 0 0 -1 0 0 -1 0 0 -1 0 0 1 0 0 1 0 0 1 0 0 1 2.068988E-07 1 0 2.068988E-07 1 0 2.068988E-07 1 0 2.068988E-07 1 0 1 0 0 1 0 0 1 0 0 1 0 0 -2.068988E-07 -1 0 -2.068988E-07 -1 0 -2.068988E-07 -1 0 -2.068988E-07 -1 0 -1 0 0 -1 0 0 -1 0 0 -1 0 0  
					<SubMeshes>: 1
						<SubMesh>: 0 36 0 1 2 2 3 0 4 5 6 6 7 4 8 9 10 8 11 9 12 13 14 12 15 13 16 17 18 16 19 17 20 21 22 20 23 21  
				</Mesh>
				<Materials>: 1
					<Material>: 0
						<AlbedoColor>: 1 1 1 1
						<EmissiveColor>: 0 0 0 0.9999999
						<Glossiness>: 0.5
						<Metallic>: 0
						<SpecularHighlight>: 1
						<GlossyReflection>: 1
				</Materials>
				<Children>: 0
			</Frame>
			<Frame>: 36 Box100
				<Transform>: 0 0 0 270 0 0 1 1 1 -0.7071068 0 0 0.7071068  
				<TransformMatrix>: 1 0 0 0 0 -1.192093E-07 -1 0 0 1 -1.192093E-07 0 0 0 0 1  
				<Mesh>: 24 Box100
					<Bounds>: 15.00004 19.34282 0.5999994 5 0.3999996 0.6
					<Positions>: 24 20.00004 19.74282 -6.103515E-07 20.00004 18.94282 -6.103515E-07 10.00004 19.74282 -6.103515E-07 10.00004 18.94282 -6.103515E-07 10.00004 19.74282 1.199999 20.00004 18.94282 1.199999 20.00004 19.74282 1.199999 10.00004 18.94282 1.199999 10.00004 18.94282 1.199999 20.00004 18.94282 -6.103515E-07 20.00004 18.94282 1.199999 10.00004 18.94282 -6.103515E-07 10.00004 19.74282 1.199999 10.00004 18.94282 -6.103515E-07 10.00004 18.94282 1.199999 10.00004 19.74282 -6.103515E-07 20.00004 19.74282 1.199999 10.00004 19.74282 -6.103515E-07 10.00004 19.74282 1.199999 20.00004 19.74282 -6.103515E-07 20.00004 18.94282 1.199999 20.00004 19.74282 -6.103515E-07 20.00004 19.74282 1.199999 20.00004 18.94282 -6.103515E-07  
					<Colors>: 0  
					<Normals>: 24 0 0 -1 0 0 -1 0 0 -1 0 0 -1 0 0 1 0 0 1 0 0 1 0 0 1 0 -1 0 0 -1 0 0 -1 0 0 -1 0 -1 0 0 -1 0 0 -1 0 0 -1 0 0 0 1 0 0 1 0 0 1 0 0 1 0 1 0 0 1 0 0 1 0 0 1 0 0  
					<SubMeshes>: 1
						<SubMesh>: 0 36 0 1 2 3 2 1 4 5 6 4 7 5 8 9 10 8 11 9 12 13 14 12 15 13 16 17 18 16 19 17 20 21 22 20 23 21  
				</Mesh>
				<Materials>: 1
					<Material>: 0
						<AlbedoColor>: 1 1 1 1
						<EmissiveColor>: 0 0 0 0.9999999
						<Glossiness>: 0.5
						<Metallic>: 0
						<SpecularHighlight>: 1
						<GlossyReflection>: 1
				</Materials>
				<Children>: 0
			</Frame>
			<Frame>: 37 Box101
				<Transform>: 0 0 0 270 0 0 1 1 1 -0.7071068 0 0 0.7071068  
				<TransformMatrix>: 1 0 0 0 0 -1.192093E-07 -1 0 0 1 -1.192093E-07 0 0 0 0 1  
				<Mesh>: 24 Box101
					<Bounds>: 15.00001 12.95117 0.6000001 5 0.4512157 0.6
					<Positions>: 24 20.00001 13.40239 7.629394E-08 20.00001 12.49995 7.629394E-08 10.00001 13.40239 7.629394E-08 10.00001 12.49995 7.629394E-08 10.00001 13.40239 1.2 20.00001 12.49995 1.2 20.00001 13.40239 1.2 10.00001 12.49995 1.2 10.00001 12.49995 1.2 20.00001 12.49995 7.629394E-08 20.00001 12.49995 1.2 10.00001 12.49995 7.629394E-08 10.00001 13.40239 1.2 10.00001 12.49995 7.629394E-08 10.00001 12.49995 1.2 10.00001 13.40239 7.629394E-08 20.00001 13.40239 1.2 10.00001 13.40239 7.629394E-08 10.00001 13.40239 1.2 20.00001 13.40239 7.629394E-08 20.00001 12.49995 1.2 20.00001 13.40239 7.629394E-08 20.00001 13.40239 1.2 20.00001 12.49995 7.629394E-08  
					<Colors>: 0  
					<Normals>: 24 0 0 -1 0 0 -1 0 0 -1 0 0 -1 0 0 1 0 0 1 0 0 1 0 0 1 0 -1 0 0 -1 0 0 -1 0 0 -1 0 -1 0 0 -1 0 0 -1 0 0 -1 0 0 0 1 0 0 1 0 0 1 0 0 1 0 1 0 0 1 0 0 1 0 0 1 0 0  
					<SubMeshes>: 1
						<SubMesh>: 0 36 0 1 2 3 2 1 4 5 6 4 7 5 8 9 10 8 11 9 12 13 14 12 15 13 16 17 18 16 19 17 20 21 22 20 23 21  
				</Mesh>
				<Materials>: 1
					<Material>: 0
						<AlbedoColor>: 1 1 1 1
						<EmissiveColor>: 0 0 0 0.9999999
						<Glossiness>: 0.5
						<Metallic>: 0
						<SpecularHighlight>: 1
						<GlossyReflection>: 1
				</Materials>
				<Children>: 0
			</Frame>
			<Frame>: 38 Box102
				<Transform>: 0 0 0 270 0 0 1 1 1 -0.7071068 0 0 0.7071068  
				<TransformMatrix>: 1 0 0 0 0 -1.192093E-07 -1 0 0 1 -1.192093E-07 0 0 0 0 1  
				<Mesh>: 24 Box102
					<Bounds>: 19.56037 16.1726 0.6000004 0.4396439 2.770217 0.6
					<Positions>: 24 20.00001 13.40238 3.814697E-07 19.12072 13.40238 3.814697E-07 20.00001 18.94282 3.814697E-07 19.12072 18.94282 3.814697E-07 20.00001 18.94282 1.2 19.12072 18.94282 1.2 19.12072 13.40238 1.2 20.00001 13.40238 1.2 19.12072 18.94282 1.2 19.12072 13.40238 3.814697E-07 19.12072 13.40238 1.2 19.12072 18.94282 3.814697E-07 20.00001 18.94282 1.2 19.12072 18.94282 3.814697E-07 19.12072 18.94282 1.2 20.00001 18.94282 3.814697E-07 20.00001 13.40238 1.2 20.00001 18.94282 3.814697E-07 20.00001 18.94282 1.2 20.00001 13.40238 3.814697E-07 19.12072 13.40238 1.2 20.00001 13.40238 3.814697E-07 20.00001 13.40238 1.2 19.12072 13.40238 3.814697E-07  
					<Colors>: 0  
					<Normals>: 24 0 0 -1 0 0 -1 0 0 -1 0 0 -1 0 0 1 0 0 1 0 0 1 0 0 1 -1 0 0 -1 0 0 -1 0 0 -1 0 0 0 1 0 0 1 0 0 1 0 0 1 0 1 0 0 1 0 0 1 0 0 1 0 0 0 -1 0 0 -1 0 0 -1 0 0 -1 0  
					<SubMeshes>: 1
						<SubMesh>: 0 36 0 1 2 1 3 2 4 5 6 6 7 4 8 9 10 8 11 9 12 13 14 12 15 13 16 17 18 16 19 17 20 21 22 20 23 21  
				</Mesh>
				<Materials>: 1
					<Material>: 0
						<AlbedoColor>: 1 1 1 1
						<EmissiveColor>: 0 0 0 0.9999999
						<Glossiness>: 0.5
						<Metallic>: 0
						<SpecularHighlight>: 1
						<GlossyReflection>: 1
				</Materials>
				<Children>: 0
			</Frame>
			<Frame>: 39 Box103
				<Transform>: 0 0 0 270 0 0 1 1 1 -0.7071068 0 0 0.7071068  
				<TransformMatrix>: 1 0 0 0 0 -1.192093E-07 -1 0 0 1 -1.192093E-07 0 0 0 0 1  
				<Mesh>: 24 Box103
					<Bounds>: -15.00515 12.93913 0.6 4.912402 0.400001 0.6
					<Positions>: 24 -19.91755 12.53913 0 -19.91755 13.33913 0 -10.09275 13.33912 0 -10.09275 12.53912 0 -10.09275 13.33912 1.2 -19.91755 13.33913 1.2 -19.91755 12.53913 1.2 -10.09275 12.53912 1.2 -10.09275 13.33912 1.2 -19.91755 13.33913 0 -19.91755 13.33913 1.2 -10.09275 13.33912 0 -10.09275 12.53912 1.2 -10.09275 13.33912 0 -10.09275 13.33912 1.2 -10.09275 12.53912 0 -19.91755 12.53913 1.2 -10.09275 12.53912 0 -10.09275 12.53912 1.2 -19.91755 12.53913 0 -19.91755 13.33913 1.2 -19.91755 12.53913 0 -19.91755 12.53913 1.2 -19.91755 13.33913 0  
					<Colors>: 0  
					<Normals>: 24 0 0 -1 0 0 -1 0 0 -1 0 0 -1 0 0 1 0 0 1 0 0 1 0 0 1 2.484941E-07 1 0 2.484941E-07 1 0 2.484941E-07 1 0 2.484941E-07 1 0 1 0 0 1 0 0 1 0 0 1 0 0 -2.484941E-07 -1 0 -2.484941E-07 -1 0 -2.484941E-07 -1 0 -2.484941E-07 -1 0 -1 0 0 -1 0 0 -1 0 0 -1 0 0  
					<SubMeshes>: 1
						<SubMesh>: 0 36 0 1 2 2 3 0 4 5 6 6 7 4 8 9 10 8 11 9 12 13 14 12 15 13 16 17 18 16 19 17 20 21 22 20 23 21  
				</Mesh>
				<Materials>: 1
					<Material>: 0
						<AlbedoColor>: 1 1 1 1
						<EmissiveColor>: 0 0 0 0.9999999
						<Glossiness>: 0.5
						<Metallic>: 0
						<SpecularHighlight>: 1
						<GlossyReflection>: 1
				</Materials>
				<Children>: 0
			</Frame>
			<Frame>: 40 Box104
				<Transform>: 0 0 0 270 0 0 1 1 1 -0.7071068 0 0 0.7071068  
				<TransformMatrix>: 1 0 0 0 0 -1.192093E-07 -1 0 0 1 -1.192093E-07 0 0 0 0 1  
				<Mesh>: 24 Box104
					<Bounds>: -15.00512 19.45658 0.6000006 4.912402 0.4000015 0.6
					<Positions>: 24 -19.91752 19.05658 6.103515E-07 -19.91752 19.85658 6.103515E-07 -10.09272 19.85658 6.103515E-07 -10.09272 19.05658 6.103515E-07 -10.09272 19.85658 1.200001 -19.91752 19.85658 1.200001 -19.91752 19.05658 1.200001 -10.09272 19.05658 1.200001 -10.09272 19.85658 1.200001 -19.91752 19.85658 6.103515E-07 -19.91752 19.85658 1.200001 -10.09272 19.85658 6.103515E-07 -10.09272 19.05658 1.200001 -10.09272 19.85658 6.103515E-07 -10.09272 19.85658 1.200001 -10.09272 19.05658 6.103515E-07 -19.91752 19.05658 1.200001 -10.09272 19.05658 6.103515E-07 -10.09272 19.05658 1.200001 -19.91752 19.05658 6.103515E-07 -19.91752 19.85658 1.200001 -19.91752 19.05658 6.103515E-07 -19.91752 19.05658 1.200001 -19.91752 19.85658 6.103515E-07  
					<Colors>: 0  
					<Normals>: 24 0 0 -1 0 0 -1 0 0 -1 0 0 -1 0 0 1 0 0 1 0 0 1 0 0 1 2.484941E-07 1 0 2.484941E-07 1 0 2.484941E-07 1 0 2.484941E-07 1 0 1 0 0 1 0 0 1 0 0 1 0 0 -2.484941E-07 -1 0 -2.484941E-07 -1 0 -2.484941E-07 -1 0 -2.484941E-07 -1 0 -1 0 0 -1 0 0 -1 0 0 -1 0 0  
					<SubMeshes>: 1
						<SubMesh>: 0 36 0 1 2 2 3 0 4 5 6 6 7 4 8 9 10 8 11 9 12 13 14 12 15 13 16 17 18 16 19 17 20 21 22 20 23 21  
				</Mesh>
				<Materials>: 1
					<Material>: 0
						<AlbedoColor>: 1 1 1 1
						<EmissiveColor>: 0 0 0 0.9999999
						<Glossiness>: 0.5
						<Metallic>: 0
						<SpecularHighlight>: 1
						<GlossyReflection>: 1
				</Materials>
				<Children>: 0
			</Frame>
			<Frame>: 41 Box105
				<Transform>: 0 0 0 270 -1.001791E-05 0 1 1 1 -0.7071068 -6.181725E-08 -6.181725E-08 0.7071068  
				<TransformMatrix>: 1 0 1.748456E-07 0 1.748456E-07 -1.192093E-07 -1 0 0 1 -1.192093E-07 0 0 0 0 1  
				<Mesh>: 24 Box105
					<Bounds>: -19.51752 16.19785 0.6000009 0.4000015 2.858729 0.6
					<Positions>: 24 -19.11752 13.33912 9.155273E-07 -19.91752 13.33912 9.155273E-07 -19.91752 19.05658 9.155273E-07 -19.11752 19.05658 9.155273E-07 -19.91752 19.05658 1.200001 -19.91752 13.33912 1.200001 -19.11752 13.33912 1.200001 -19.11752 19.05658 1.200001 -19.11752 13.33912 1.200001 -19.11752 19.05658 9.155273E-07 -19.11752 19.05658 1.200001 -19.11752 13.33912 9.155273E-07 -19.91752 13.33912 1.200001 -19.11752 13.33912 9.155273E-07 -19.11752 13.33912 1.200001 -19.91752 13.33912 9.155273E-07 -19.91752 19.05658 1.200001 -19.91752 13.33912 9.155273E-07 -19.91752 13.33912 1.200001 -19.91752 19.05658 9.155273E-07 -19.11752 19.05658 1.200001 -19.91752 19.05658 9.155273E-07 -19.91752 19.05658 1.200001 -19.11752 19.05658 9.155273E-07  
					<Colors>: 0  
					<Normals>: 24 0 0 -1 0 0 -1 0 0 -1 0 0 -1 0 0 1 0 0 1 0 0 1 0 0 1 1 -2.135045E-07 0 1 -2.135045E-07 0 1 -2.135045E-07 0 1 -2.135045E-07 0 0 -1 0 0 -1 0 0 -1 0 0 -1 0 -1 2.135045E-07 0 -1 2.135045E-07 0 -1 2.135045E-07 0 -1 2.135045E-07 0 0 1 0 0 1 0 0 1 0 0 1 0  
					<SubMeshes>: 1
						<SubMesh>: 0 36 0 1 2 2 3 0 4 5 6 6 7 4 8 9 10 8 11 9 12 13 14 12 15 13 16 17 18 16 19 17 20 21 22 20 23 21  
				</Mesh>
				<Materials>: 1
					<Material>: 0
						<AlbedoColor>: 1 1 1 1
						<EmissiveColor>: 0 0 0 0.9999999
						<Glossiness>: 0.5
						<Metallic>: 0
						<SpecularHighlight>: 1
						<GlossyReflection>: 1
				</Materials>
				<Children>: 0
			</Frame>
			<Frame>: 42 Box106
				<Transform>: 0 0 0 270 0 0 1 1 1 -0.7071068 0 0 0.7071068  
				<TransformMatrix>: 1 0 0 0 0 -1.192093E-07 -1 0 0 1 -1.192093E-07 0 0 0 0 1  
				<Mesh>: 24 Box106
					<Bounds>: 0 22.79997 1.8 1.2 2.199976 1.8
					<Positions>: 24 1.2 20.59999 3.814697E-07 -1.2 20.59999 3.814697E-07 1.2 24.99995 3.814697E-07 -1.2 24.99995 3.814697E-07 1.2 24.99995 3.6 -1.2 24.99995 3.6 1.2 20.59999 3.6 -1.2 20.59999 3.6 1.2 20.59999 3.6 -1.2 20.59999 3.6 -1.2 20.59999 3.814697E-07 1.2 20.59999 3.814697E-07 -1.2 24.99995 3.6 -1.2 20.59999 3.814697E-07 -1.2 20.59999 3.6 -1.2 24.99995 3.814697E-07 -1.2 24.99995 3.6 1.2 24.99995 3.6 1.2 24.99995 3.814697E-07 -1.2 24.99995 3.814697E-07 1.2 20.59999 3.6 1.2 24.99995 3.814697E-07 1.2 24.99995 3.6 1.2 20.59999 3.814697E-07  
					<Colors>: 0  
					<Normals>: 24 0 0 -1 0 0 -1 0 0 -1 0 0 -1 0 0 1 0 0 1 0 0 1 0 0 1 0 -1 0 0 -1 0 0 -1 0 0 -1 0 -1 0 0 -1 0 0 -1 0 0 -1 0 0 0 1 0 0 1 0 0 1 0 0 1 0 1 0 0 1 0 0 1 0 0 1 0 0  
					<SubMeshes>: 1
						<SubMesh>: 0 36 0 1 2 1 3 2 4 5 6 5 7 6 8 9 10 10 11 8 12 13 14 12 15 13 16 17 18 18 19 16 20 21 22 20 23 21  
				</Mesh>
				<Materials>: 1
					<Material>: 0
						<AlbedoColor>: 1 1 1 1
						<EmissiveColor>: 0 0 0 0.9999999
						<Glossiness>: 0.5
						<Metallic>: 0
						<SpecularHighlight>: 1
						<GlossyReflection>: 1
				</Materials>
				<Children>: 0
			</Frame>
			<Frame>: 43 Box107
				<Transform>: 0 0 0 270 0 0 1 1 1 -0.7071068 0 0 0.7071068  
				<TransformMatrix>: 1 0 0 0 0 -1.192093E-07 -1 0 0 1 -1.192093E-07 0 0 0 0 1  
				<Mesh>: 24 Box107
					<Bounds>: -22.80003 -2.499993 1.799999 2.199975 1.2 1.8
					<Positions>: 24 -20.60005 -3.699993 -1.449585E-06 -25 -3.699994 -1.449585E-06 -25 -1.299994 -1.449585E-06 -20.60005 -1.299993 -1.449585E-06 -20.60005 -3.699993 3.599998 -20.60005 -1.299993 3.599998 -25 -1.299994 3.599998 -25 -3.699994 3.599998 -20.60005 -1.299993 3.599998 -20.60005 -3.699993 3.599998 -20.60005 -3.699993 -1.449585E-06 -20.60005 -1.299993 -1.449585E-06 -25 -3.699994 3.599998 -20.60005 -3.699993 -1.449585E-06 -20.60005 -3.699993 3.599998 -25 -3.699994 -1.449585E-06 -25 -3.699994 3.599998 -25 -1.299994 3.599998 -25 -1.299994 -1.449585E-06 -25 -3.699994 -1.449585E-06 -20.60005 -1.299993 3.599998 -25 -1.299994 -1.449585E-06 -25 -1.299994 3.599998 -20.60005 -1.299993 -1.449585E-06  
					<Colors>: 0  
					<Normals>: 24 0 0 -1 0 0 -1 0 0 -1 0 0 -1 0 0 1 0 0 1 0 0 1 0 0 1 1 0 0 1 0 0 1 0 0 1 0 0 1.387178E-07 -1 0 1.387178E-07 -1 0 1.387178E-07 -1 0 1.387178E-07 -1 0 -1 0 0 -1 0 0 -1 0 0 -1 0 0 -1.387178E-07 1 0 -1.387178E-07 1 0 -1.387178E-07 1 0 -1.387178E-07 1 0  
					<SubMeshes>: 1
						<SubMesh>: 0 36 0 1 2 2 3 0 4 5 6 6 7 4 8 9 10 10 11 8 12 13 14 12 15 13 16 17 18 18 19 16 20 21 22 20 23 21  
				</Mesh>
				<Materials>: 1
					<Material>: 0
						<AlbedoColor>: 1 1 1 1
						<EmissiveColor>: 0 0 0 0.9999999
						<Glossiness>: 0.5
						<Metallic>: 0
						<SpecularHighlight>: 1
						<GlossyReflection>: 1
				</Materials>
				<Children>: 0
			</Frame>
			<Frame>: 44 Box108
				<Transform>: 0 0 0 270 0 0 1 1 1 -0.7071068 0 0 0.7071068  
				<TransformMatrix>: 1 0 0 0 0 -1.192093E-07 -1 0 0 1 -1.192093E-07 0 0 0 0 1  
				<Mesh>: 24 Box108
					<Bounds>: 22.72991 -2.499999 1.799999 2.199976 1.2 1.8
					<Positions>: 24 24.92989 -1.299999 -9.918213E-07 24.92989 -3.699999 -9.918213E-07 20.52994 -3.699999 -9.918213E-07 20.52994 -1.299999 -9.918213E-07 24.92989 -1.299999 3.599999 20.52994 -1.299999 3.599999 20.52994 -3.699999 3.599999 24.92989 -3.699999 3.599999 20.52994 -3.699999 3.599999 20.52994 -1.299999 3.599999 20.52994 -1.299999 -9.918213E-07 20.52994 -3.699999 -9.918213E-07 24.92989 -1.299999 3.599999 20.52994 -1.299999 -9.918213E-07 20.52994 -1.299999 3.599999 24.92989 -1.299999 -9.918213E-07 24.92989 -1.299999 3.599999 24.92989 -3.699999 3.599999 24.92989 -3.699999 -9.918213E-07 24.92989 -1.299999 -9.918213E-07 20.52994 -3.699999 3.599999 24.92989 -3.699999 -9.918213E-07 24.92989 -3.699999 3.599999 20.52994 -3.699999 -9.918213E-07  
					<Colors>: 0  
					<Normals>: 24 0 0 -1 0 0 -1 0 0 -1 0 0 -1 0 0 1 0 0 1 0 0 1 0 0 1 -1 0 0 -1 0 0 -1 0 0 -1 0 0 0 1 0 0 1 0 0 1 0 0 1 0 1 0 0 1 0 0 1 0 0 1 0 0 0 -1 0 0 -1 0 0 -1 0 0 -1 0  
					<SubMeshes>: 1
						<SubMesh>: 0 36 0 1 2 2 3 0 4 5 6 6 7 4 8 9 10 10 11 8 12 13 14 12 15 13 16 17 18 18 19 16 20 21 22 20 23 21  
				</Mesh>
				<Materials>: 1
					<Material>: 0
						<AlbedoColor>: 1 1 1 1
						<EmissiveColor>: 0 0 0 0.9999999
						<Glossiness>: 0.5
						<Metallic>: 0
						<SpecularHighlight>: 1
						<GlossyReflection>: 1
				</Materials>
				<Children>: 0
			</Frame>
			<Frame>: 45 Box109
				<Transform>: 0 0 0 270 -1.001791E-05 0 1 1 1 -0.7071068 -6.181725E-08 -6.181725E-08 0.7071068  
				<TransformMatrix>: 1 0 1.748456E-07 0 1.748456E-07 -1.192093E-07 -1 0 0 1 -1.192093E-07 0 0 0 0 1  
				<Mesh>: 24 Box109
					<Bounds>: -25.30275 7.367702 14.29648 0.5012741 14.03307 14.29435
					<Positions>: 24 -24.80147 -6.665367 0.002128982 -25.80282 -6.665367 0.002128982 -24.80267 21.40077 0.01800186 -25.80402 21.40077 0.01800186 -25.80402 -6.599229 28.59083 -24.80267 21.40077 28.59083 -25.80402 21.40077 28.59083 -24.80267 -6.599229 28.59083 -24.80267 -6.599229 28.59083 -24.80267 21.40077 0.01800186 -24.80267 21.40077 28.59083 -24.80147 -6.665367 0.002128982 -24.80267 -6.599229 28.59083 -25.80402 -6.599229 28.59083 -25.80282 -6.665367 0.002128982 -24.80147 -6.665367 0.002128982 -25.80402 -6.599229 28.59083 -25.80402 21.40077 28.59083 -25.80402 21.40077 0.01800186 -25.80282 -6.665367 0.002128982 -25.80402 21.40077 28.59083 -24.80267 21.40077 28.59083 -25.80402 21.40077 0.01800186 -24.80267 21.40077 0.01800186  
					<Colors>: 0  
					<Normals>: 24 0 0.0005655526 -0.9999999 0 0.0005655526 -0.9999999 0 0.0005655526 -0.9999999 0 0.0005655526 -0.9999999 0 0 1 0 0 1 0 0 1 0 0 1 1 2.133119E-05 2.090354E-05 1 2.133119E-05 2.090354E-05 1 2.133119E-05 2.090354E-05 1 2.133119E-05 2.090354E-05 0 -0.9999974 0.002313414 0 -0.9999974 0.002313414 0 -0.9999974 0.002313414 0 -0.9999974 0.002313414 -1 -2.133119E-05 -2.090354E-05 -1 -2.133119E-05 -2.090354E-05 -1 -2.133119E-05 -2.090354E-05 -1 -2.133119E-05 -2.090354E-05 0 1 0 0 1 0 0 1 0 0 1 0  
					<SubMeshes>: 1
						<SubMesh>: 0 36 0 1 2 1 3 2 4 5 6 5 4 7 8 9 10 8 11 9 12 13 14 14 15 12 16 17 18 18 19 16 20 21 22 21 23 22  
				</Mesh>
				<Materials>: 1
					<Material>: 0
						<AlbedoColor>: 1 1 1 1
						<EmissiveColor>: 0 0 0 0.9999999
						<Glossiness>: 0.5
						<Metallic>: 0
						<SpecularHighlight>: 1
						<GlossyReflection>: 1
				</Materials>
				<Children>: 0
			</Frame>
			<Frame>: 46 Box111
				<Transform>: 0 0 0 270 -1.001791E-05 0 1 1 1 -0.7071068 -6.181725E-08 -6.181725E-08 0.7071068  
				<TransformMatrix>: 1 0 1.748456E-07 0 1.748456E-07 -1.192093E-07 -1 0 0 1 -1.192093E-07 0 0 0 0 1  
				<Mesh>: 24 Box111
					<Bounds>: -25.30215 -19.72012 14.28854 0.4995174 6.526334 14.28642
					<Positions>: 24 -24.80264 -26.24645 0.002129059 -25.80167 -26.24645 0.002129059 -24.80264 -13.19378 0.002128663 -25.80167 -13.19378 0.002128663 -25.80167 -26.24645 28.57496 -24.80264 -13.21624 28.57496 -25.80167 -13.21624 28.57496 -24.80264 -26.24645 28.57496 -24.80264 -13.21624 28.57496 -24.80264 -26.24645 28.57496 -24.80264 -26.24645 0.002129059 -24.80264 -13.19378 0.002128663 -24.80264 -26.24645 28.57496 -25.80167 -26.24645 28.57496 -24.80264 -26.24645 0.002129059 -25.80167 -26.24645 0.002129059 -25.80167 -26.24645 28.57496 -25.80167 -13.21624 28.57496 -25.80167 -26.24645 0.002129059 -25.80167 -13.19378 0.002128663 -25.80167 -13.21624 28.57496 -24.80264 -13.21624 28.57496 -24.80264 -13.19378 0.002128663 -25.80167 -13.19378 0.002128663  
					<Colors>: 0  
					<Normals>: 24 0 0 -1 0 0 -1 0 0 -1 0 0 -1 0 0 1 0 0 1 0 0 1 0 0 1 1 1.872037E-07 0 1 1.872037E-07 0 1 1.872037E-07 0 1 1.872037E-07 0 0 -1 0 0 -1 0 0 -1 0 0 -1 0 -1 0 0 -1 0 0 -1 0 0 -1 0 0 0 0.9999998 0.0007858804 0 0.9999998 0.0007858804 0 0.9999998 0.0007858804 0 0.9999998 0.0007858804  
					<SubMeshes>: 1
						<SubMesh>: 0 36 0 1 2 1 3 2 4 5 6 5 4 7 8 9 10 10 11 8 12 13 14 13 15 14 16 17 18 17 19 18 20 21 22 22 23 20  
				</Mesh>
				<Materials>: 1
					<Material>: 0
						<AlbedoColor>: 1 1 1 1
						<EmissiveColor>: 0 0 0 0.9999999
						<Glossiness>: 0.5
						<Metallic>: 0
						<SpecularHighlight>: 1
						<GlossyReflection>: 1
				</Materials>
				<Children>: 0
			</Frame>
			<Frame>: 47 Box112
				<Transform>: 0 0 0 270 -1.001791E-05 0 1 1 1 -0.7071068 -6.181725E-08 -6.181725E-08 0.7071068  
				<TransformMatrix>: 1 0 1.748456E-07 0 1.748456E-07 -1.192093E-07 -1 0 0 1 -1.192093E-07 0 0 0 0 1  
				<Mesh>: 24 Box112
					<Bounds>: -25.20617 -9.907735 17.92338 0.5978632 3.308504 10.66746
					<Positions>: 24 -24.6083 -13.19378 7.255921 -25.60733 -13.19378 7.255921 -24.80264 -6.665368 7.255922 -25.80167 -6.665368 7.255922 -25.80167 -13.21624 28.57496 -24.80267 -6.59923 28.59083 -25.80403 -6.59923 28.59083 -24.80263 -13.21624 28.57496 -24.80267 -6.59923 28.59083 -24.80263 -13.21624 28.57496 -24.80264 -6.665368 7.255922 -24.6083 -13.19378 7.255921 -24.80263 -13.21624 28.57496 -25.80167 -13.21624 28.57496 -25.60733 -13.19378 7.255921 -24.6083 -13.19378 7.255921 -25.80167 -13.21624 28.57496 -25.80403 -6.59923 28.59083 -25.80167 -6.665368 7.255922 -25.60733 -13.19378 7.255921 -25.80403 -6.59923 28.59083 -24.80267 -6.59923 28.59083 -25.80167 -6.665368 7.255922 -24.80264 -6.665368 7.255922  
					<Colors>: 0  
					<Normals>: 24 0 0 -1 0 0 -1 0 0 -1 0 0 -1 0 -0.002398966 0.9999971 0 -0.002398966 0.9999971 0 -0.002398966 0.9999971 0 -0.002398966 0.9999971 0.9998804 0.01477927 0.004541229 0.9998804 0.01477927 0.004541229 0.9998804 0.01477927 0.004541229 0.9998804 0.01477927 0.004541229 0 -0.9999995 -0.001053505 0 -0.9999995 -0.001053505 0 -0.9999995 -0.001053505 0 -0.9999995 -0.001053505 -0.9998776 -0.01495576 -0.004595462 -0.9998776 -0.01495576 -0.004595462 -0.9998776 -0.01495576 -0.004595462 -0.9998776 -0.01495576 -0.004595462 0 0.9999952 -0.003099961 0 0.9999952 -0.003099961 0 0.9999952 -0.003099961 0 0.9999952 -0.003099961  
					<SubMeshes>: 1
						<SubMesh>: 0 36 0 1 2 1 3 2 4 5 6 5 4 7 8 9 10 9 11 10 12 13 14 14 15 12 16 17 18 18 19 16 20 21 22 21 23 22  
				</Mesh>
				<Materials>: 1
					<Material>: 0
						<AlbedoColor>: 1 1 1 1
						<EmissiveColor>: 0 0 0 0.9999999
						<Glossiness>: 0.5
						<Metallic>: 0
						<SpecularHighlight>: 1
						<GlossyReflection>: 1
				</Materials>
				<Children>: 0
			</Frame>
			<Frame>: 48 Box113
				<Transform>: 0 0 0 270 -1.001791E-05 0 1 1 1 -0.7071068 -6.181725E-08 -6.181725E-08 0.7071068  
				<TransformMatrix>: 1 0 1.748456E-07 0 1.748456E-07 -1.192093E-07 -1 0 0 1 -1.192093E-07 0 0 0 0 1  
				<Mesh>: 24 Box113
					<Bounds>: -25.20733 22.07491 15.37755 0.5966835 0.6741362 13.22264
					<Positions>: 24 -25.60968 21.40189 2.161417 -24.70722 22.68291 2.154905 -24.61065 21.40189 2.161417 -25.70625 22.68291 2.154905 -25.70861 22.74905 28.60019 -25.80402 21.40078 28.59083 -24.80499 21.40078 28.59083 -24.70725 22.74905 28.60019 -24.70725 22.74905 28.60019 -24.80499 21.40078 28.59083 -24.70722 22.68291 2.154905 -24.61065 21.40189 2.161417 -24.80499 21.40078 28.59083 -25.80402 21.40078 28.59083 -25.60968 21.40189 2.161417 -24.61065 21.40189 2.161417 -25.80402 21.40078 28.59083 -25.70861 22.74905 28.60019 -25.70625 22.68291 2.154905 -25.60968 21.40189 2.161417 -25.70861 22.74905 28.60019 -24.70725 22.74905 28.60019 -25.70625 22.68291 2.154905 -24.70722 22.68291 2.154905  
					<Colors>: 0  
					<Normals>: 24 0 -0.005083972 -0.9999871 0 -0.005083972 -0.9999871 0 -0.005083972 -0.9999871 0 -0.005083972 -0.9999871 0 -0.006942315 0.9999759 0 -0.006942315 0.9999759 0 -0.006942315 0.9999759 0 -0.006942315 0.9999759 0.9999932 -0.0004459649 0.003676575 0.9999932 -0.0004459648 0.003676575 0.9999932 -0.0004459648 0.003676575 0.9999932 -0.0004459648 0.003676575 0 -1 -4.212281E-05 0 -1 -4.212281E-05 0 -1 -4.212281E-05 0 -1 -4.212281E-05 -0.999993 -0.0004370232 -0.003719399 -0.999993 -0.0004370232 -0.003719399 -0.999993 -0.0004370233 -0.003719399 -0.999993 -0.0004370233 -0.003719399 0 0.9999969 -0.002500918 0 0.9999969 -0.002500918 0 0.9999969 -0.002500918 0 0.9999969 -0.002500918  
					<SubMeshes>: 1
						<SubMesh>: 0 36 0 1 2 0 3 1 4 5 6 6 7 4 8 9 10 9 11 10 12 13 14 14 15 12 16 17 18 18 19 16 20 21 22 21 23 22  
				</Mesh>
				<Materials>: 1
					<Material>: 0
						<AlbedoColor>: 1 1 1 1
						<EmissiveColor>: 0 0 0 0.9999999
						<Glossiness>: 0.5
						<Metallic>: 0
						<SpecularHighlight>: 1
						<GlossyReflection>: 1
				</Materials>
				<Children>: 0
			</Frame>
			<Frame>: 49 Box114
				<Transform>: 0 0 0 270 -1.001791E-05 0 1 1 1 -0.7071068 -6.181725E-08 -6.181725E-08 0.7071068  
				<TransformMatrix>: 1 0 1.748456E-07 0 1.748456E-07 -1.192093E-07 -1 0 0 1 -1.192093E-07 0 0 0 0 1  
				<Mesh>: 24 Box114
					<Bounds>: -25.23175 24.19047 14.30616 0.5015688 1.507553 14.29467
					<Positions>: 24 -24.73268 22.68291 0.01800171 -25.73215 22.68291 0.01800171 -24.73435 25.69379 0.01148926 -25.73331 25.69379 0.01148926 -25.73046 25.69802 28.60084 -25.7316 22.74905 28.60019 -24.73187 22.74905 28.60019 -24.73018 25.69802 28.60084 -24.73018 25.69802 28.60084 -24.73187 22.74905 28.60019 -24.73435 25.69379 0.01148926 -24.73268 22.68291 0.01800171 -24.73187 22.74905 28.60019 -25.7316 22.74905 28.60019 -24.73268 22.68291 0.01800171 -25.73215 22.68291 0.01800171 -25.7316 22.74905 28.60019 -25.73046 25.69802 28.60084 -25.73331 25.69379 0.01148926 -25.73215 22.68291 0.01800171 -25.73046 25.69802 28.60084 -24.73018 25.69802 28.60084 -24.73435 25.69379 0.01148926 -25.73331 25.69379 0.01148926  
					<Colors>: 0  
					<Normals>: 24 0 -0.00216297 -0.9999977 0 -0.00216297 -0.9999977 0 -0.00216297 -0.9999977 0 -0.00216297 -0.9999977 0 -0.0002202171 1 0 -0.0002202171 1 0 -0.0002202171 1 0 -0.0002202171 1 1 -3.36275E-06 -8.702493E-05 1 -3.36275E-06 -8.702494E-05 1 -3.36275E-06 -8.702494E-05 1 -3.36275E-06 -8.702494E-05 0 -0.9999974 0.002313856 0 -0.9999974 0.002313856 0 -0.9999974 0.002313856 0 -0.9999974 0.002313857 -1 -2.399111E-06 5.9702E-05 -1 -2.399111E-06 5.9702E-05 -1 -2.399111E-06 5.9702E-05 -1 -2.399112E-06 5.9702E-05 0 1 -0.0001479907 0 1 -0.0001479907 0 1 -0.0001479906 0 1 -0.0001479907  
					<SubMeshes>: 1
						<SubMesh>: 0 36 0 1 2 1 3 2 4 5 6 6 7 4 8 9 10 9 11 10 12 13 14 13 15 14 16 17 18 18 19 16 20 21 22 22 23 20  
				</Mesh>
				<Materials>: 1
					<Material>: 0
						<AlbedoColor>: 1 1 1 1
						<EmissiveColor>: 0 0 0 0.9999999
						<Glossiness>: 0.5
						<Metallic>: 0
						<SpecularHighlight>: 1
						<GlossyReflection>: 1
				</Materials>
				<Children>: 0
			</Frame>
			<Frame>: 50 Box115
				<Transform>: 0 0 0 270 -1.001791E-05 0 1 1 1 -0.7071068 -6.181725E-08 -6.181725E-08 0.7071068  
				<TransformMatrix>: 1 0 1.748456E-07 0 1.748456E-07 -1.192093E-07 -1 0 0 1 -1.192093E-07 0 0 0 0 1  
				<Mesh>: 24 Box115
					<Bounds>: 25.30276 7.367693 14.29648 0.5012789 14.03307 14.29435
					<Positions>: 24 25.80284 -6.665375 0.002128938 24.80148 -6.665375 0.002129027 24.80268 21.40076 0.0180019 25.80404 21.40076 0.01800182 25.80404 21.40076 28.59083 24.80269 21.40076 28.59083 25.80404 -6.599237 28.59083 24.80268 -6.599237 28.59083 24.80268 -6.599237 28.59083 24.80269 21.40076 28.59083 24.80268 21.40076 0.0180019 24.80148 -6.665375 0.002129027 24.80268 -6.599237 28.59083 24.80148 -6.665375 0.002129027 25.80284 -6.665375 0.002128938 25.80404 -6.599237 28.59083 25.80404 -6.599237 28.59083 25.80284 -6.665375 0.002128938 25.80404 21.40076 0.01800182 25.80404 21.40076 28.59083 24.80269 21.40076 28.59083 25.80404 21.40076 28.59083 25.80404 21.40076 0.01800182 24.80268 21.40076 0.0180019  
					<Colors>: 0  
					<Normals>: 24 0 0.0005655527 -0.9999999 0 0.0005655527 -0.9999999 0 0.0005655527 -0.9999999 0 0.0005655527 -0.9999999 0 0 1 0 0 1 0 0 1 0 0 1 -1 2.159244E-05 2.098866E-05 -1 2.159244E-05 2.098866E-05 -1 2.159244E-05 2.098866E-05 -1 2.159244E-05 2.098866E-05 0 -0.9999974 0.002313414 0 -0.9999974 0.002313415 0 -0.9999974 0.002313414 0 -0.9999974 0.002313414 1 -2.150535E-05 -2.098876E-05 1 -2.150535E-05 -2.098876E-05 1 -2.150535E-05 -2.098876E-05 1 -2.150534E-05 -2.098876E-05 0 1 0 0 1 0 0 1 0 0 1 0  
					<SubMeshes>: 1
						<SubMesh>: 0 36 0 1 2 2 3 0 4 5 6 5 7 6 8 9 10 10 11 8 12 13 14 14 15 12 16 17 18 18 19 16 20 21 22 22 23 20  
				</Mesh>
				<Materials>: 1
					<Material>: 0
						<AlbedoColor>: 1 1 1 1
						<EmissiveColor>: 0 0 0 0.9999999
						<Glossiness>: 0.5
						<Metallic>: 0
						<SpecularHighlight>: 1
						<GlossyReflection>: 1
				</Materials>
				<Children>: 0
			</Frame>
			<Frame>: 51 Box116
				<Transform>: 0 0 0 270 -1.001791E-05 0 1 1 1 -0.7071068 -6.181725E-08 -6.181725E-08 0.7071068  
				<TransformMatrix>: 1 0 1.748456E-07 0 1.748456E-07 -1.192093E-07 -1 0 0 1 -1.192093E-07 0 0 0 0 1  
				<Mesh>: 24 Box116
					<Bounds>: 25.30215 -19.72013 14.28854 0.4995203 6.526333 14.28642
					<Positions>: 24 25.80166 -26.24646 0.002129015 24.80263 -26.24646 0.002129102 24.80263 -13.1938 0.002128707 25.80167 -13.1938 0.002128619 25.80166 -13.21625 28.57496 24.80263 -13.21625 28.57496 25.80166 -26.24646 28.57496 24.80263 -26.24646 28.57496 24.80263 -13.21625 28.57496 24.80263 -13.1938 0.002128707 24.80263 -26.24646 0.002129102 24.80263 -26.24646 28.57496 24.80263 -26.24646 28.57496 24.80263 -26.24646 0.002129102 25.80166 -26.24646 0.002129015 25.80166 -26.24646 28.57496 25.80166 -13.21625 28.57496 25.80166 -26.24646 28.57496 25.80166 -26.24646 0.002129015 25.80167 -13.1938 0.002128619 25.80166 -13.21625 28.57496 25.80167 -13.1938 0.002128619 24.80263 -13.1938 0.002128707 24.80263 -13.21625 28.57496  
					<Colors>: 0  
					<Normals>: 24 0 0 -1 0 0 -1 0 0 -1 0 0 -1 0 0 1 0 0 1 0 0 1 0 0 1 -1 3.744075E-07 0 -1 3.744075E-07 0 -1 3.744075E-07 0 -1 3.744075E-07 0 0 -1 0 0 -1 0 0 -1 0 0 -1 0 1 -3.744075E-07 0 1 -3.744074E-07 0 1 -3.744074E-07 0 1 -3.744074E-07 0 0 0.9999998 0.0007858804 0 0.9999998 0.0007858804 0 0.9999998 0.0007858804 0 0.9999998 0.0007858804  
					<SubMeshes>: 1
						<SubMesh>: 0 36 0 1 2 2 3 0 4 5 6 5 7 6 8 9 10 10 11 8 12 13 14 14 15 12 16 17 18 18 19 16 20 21 22 22 23 20  
				</Mesh>
				<Materials>: 1
					<Material>: 0
						<AlbedoColor>: 1 1 1 1
						<EmissiveColor>: 0 0 0 0.9999999
						<Glossiness>: 0.5
						<Metallic>: 0
						<SpecularHighlight>: 1
						<GlossyReflection>: 1
				</Materials>
				<Children>: 0
			</Frame>
			<Frame>: 52 Box117
				<Transform>: 0 0 0 270 -1.001791E-05 0 1 1 1 -0.7071068 -6.181725E-08 -6.181725E-08 0.7071068  
				<TransformMatrix>: 1 0 1.748456E-07 0 1.748456E-07 -1.192093E-07 -1 0 0 1 -1.192093E-07 0 0 0 0 1  
				<Mesh>: 24 Box117
					<Bounds>: 25.20616 -9.907743 17.92338 0.597867 3.308505 10.66746
					<Positions>: 24 25.60733 -13.19379 7.255921 24.6083 -13.19379 7.255921 24.80264 -6.665377 7.255922 25.80167 -6.665377 7.255922 25.80403 -6.599239 28.59083 24.80268 -6.599239 28.59083 25.80166 -13.21625 28.57496 24.80263 -13.21625 28.57496 24.80263 -13.21625 28.57496 24.80268 -6.599239 28.59083 24.80264 -6.665377 7.255922 24.6083 -13.19379 7.255921 24.80263 -13.21625 28.57496 24.6083 -13.19379 7.255921 25.60733 -13.19379 7.255921 25.80166 -13.21625 28.57496 25.80166 -13.21625 28.57496 25.60733 -13.19379 7.255921 25.80167 -6.665377 7.255922 25.80403 -6.599239 28.59083 24.80268 -6.599239 28.59083 25.80403 -6.599239 28.59083 25.80167 -6.665377 7.255922 24.80264 -6.665377 7.255922  
					<Colors>: 0  
					<Normals>: 24 0 0 -1 0 0 -1 0 0 -1 0 0 -1 0 -0.002398965 0.9999971 0 -0.002398965 0.9999971 0 -0.002398965 0.9999971 0 -0.002398965 0.9999971 -0.9998804 0.01478 0.004541342 -0.9998804 0.01478 0.004541343 -0.9998804 0.01478001 0.004541342 -0.9998804 0.01478001 0.004541342 0 -0.9999995 -0.001053505 0 -0.9999995 -0.001053505 0 -0.9999995 -0.001053505 0 -0.9999995 -0.001053505 0.9998776 -0.0149565 -0.004595575 0.9998776 -0.0149565 -0.004595575 0.9998776 -0.0149565 -0.004595575 0.9998776 -0.0149565 -0.004595575 0 0.9999952 -0.00309996 0 0.9999952 -0.00309996 0 0.9999952 -0.00309996 0 0.9999952 -0.00309996  
					<SubMeshes>: 1
						<SubMesh>: 0 36 0 1 2 2 3 0 4 5 6 5 7 6 8 9 10 10 11 8 12 13 14 14 15 12 16 17 18 18 19 16 20 21 22 22 23 20  
				</Mesh>
				<Materials>: 1
					<Material>: 0
						<AlbedoColor>: 1 1 1 1
						<EmissiveColor>: 0 0 0 0.9999999
						<Glossiness>: 0.5
						<Metallic>: 0
						<SpecularHighlight>: 1
						<GlossyReflection>: 1
				</Materials>
				<Children>: 0
			</Frame>
			<Frame>: 53 Box118
				<Transform>: 0 0 0 270 -1.001791E-05 0 1 1 1 -0.7071068 -6.181725E-08 -6.181725E-08 0.7071068  
				<TransformMatrix>: 1 0 1.748456E-07 0 1.748456E-07 -1.192093E-07 -1 0 0 1 -1.192093E-07 0 0 0 0 1  
				<Mesh>: 24 Box118
					<Bounds>: 25.20736 22.07491 15.37755 0.5966845 0.6741362 13.22264
					<Positions>: 24 25.6097 21.40188 2.161417 24.61067 21.40188 2.161417 24.70724 22.6829 2.154905 25.70627 22.6829 2.154905 25.70863 22.74904 28.60019 24.70728 22.74904 28.60019 24.80501 21.40077 28.59083 25.80404 21.40077 28.59083 24.80501 21.40077 28.59083 24.70728 22.74904 28.60019 24.70724 22.6829 2.154905 24.61067 21.40188 2.161417 24.80501 21.40077 28.59083 24.61067 21.40188 2.161417 25.6097 21.40188 2.161417 25.80404 21.40077 28.59083 25.80404 21.40077 28.59083 25.6097 21.40188 2.161417 25.70627 22.6829 2.154905 25.70863 22.74904 28.60019 24.70728 22.74904 28.60019 25.70863 22.74904 28.60019 25.70627 22.6829 2.154905 24.70724 22.6829 2.154905  
					<Colors>: 0  
					<Normals>: 24 0 -0.005083968 -0.9999871 0 -0.005083968 -0.9999871 0 -0.005083967 -0.9999871 0 -0.005083967 -0.9999871 0 -0.006942316 0.9999759 0 -0.006942316 0.9999759 0 -0.006942316 0.9999759 0 -0.006942316 0.9999759 -0.9999932 -0.0004468937 0.003676623 -0.9999932 -0.0004468937 0.003676623 -0.9999932 -0.0004468937 0.003676623 -0.9999932 -0.0004468937 0.003676623 1.221882E-06 -1 -4.208561E-05 1.221883E-06 -1 -4.208561E-05 1.221882E-06 -1 -4.208561E-05 1.221883E-06 -1 -4.208561E-05 0.999993 -0.0004370246 -0.003719491 0.999993 -0.0004370246 -0.003719491 0.999993 -0.0004370246 -0.003719491 0.999993 -0.0004370246 -0.003719491 0 0.9999969 -0.002500918 0 0.9999969 -0.002500918 0 0.9999969 -0.002500918 0 0.9999969 -0.002500918  
					<SubMeshes>: 1
						<SubMesh>: 0 36 0 1 2 2 3 0 4 5 6 6 7 4 8 9 10 10 11 8 12 13 14 14 15 12 16 17 18 18 19 16 20 21 22 22 23 20  
				</Mesh>
				<Materials>: 1
					<Material>: 0
						<AlbedoColor>: 1 1 1 1
						<EmissiveColor>: 0 0 0 0.9999999
						<Glossiness>: 0.5
						<Metallic>: 0
						<SpecularHighlight>: 1
						<GlossyReflection>: 1
				</Materials>
				<Children>: 0
			</Frame>
			<Frame>: 54 Box119
				<Transform>: 0 0 0 270 -1.001791E-05 0 1 1 1 -0.7071068 -6.181725E-08 -6.181725E-08 0.7071068  
				<TransformMatrix>: 1 0 1.748456E-07 0 1.748456E-07 -1.192093E-07 -1 0 0 1 -1.192093E-07 0 0 0 0 1  
				<Mesh>: 24 Box119
					<Bounds>: 25.23177 24.19046 14.30616 0.5015669 1.507553 14.29467
					<Positions>: 24 25.73217 22.68291 0.01800171 24.73269 22.68291 0.01800171 24.73437 25.69378 0.01148926 25.73333 25.69378 0.01148926 25.73048 25.69801 28.60084 24.7302 25.69801 28.60084 24.7319 22.74904 28.60019 25.73162 22.74904 28.60019 24.7319 22.74904 28.60019 24.7302 25.69801 28.60084 24.73437 25.69378 0.01148926 24.73269 22.68291 0.01800171 25.73162 22.74904 28.60019 24.7319 22.74904 28.60019 24.73269 22.68291 0.01800171 25.73217 22.68291 0.01800171 25.73162 22.74904 28.60019 25.73217 22.68291 0.01800171 25.73333 25.69378 0.01148926 25.73048 25.69801 28.60084 25.73048 25.69801 28.60084 25.73333 25.69378 0.01148926 24.73437 25.69378 0.01148926 24.7302 25.69801 28.60084  
					<Colors>: 0  
					<Normals>: 24 0 -0.00216297 -0.9999977 0 -0.00216297 -0.9999977 0 -0.00216297 -0.9999977 0 -0.00216297 -0.9999977 0 -0.0002202171 1 0 -0.0002202171 1 0 -0.0002202171 1 0 -0.0002202171 1 -1 -2.952977E-06 -8.689734E-05 -1 -2.952977E-06 -8.689734E-05 -1 -2.952977E-06 -8.689733E-05 -1 -2.952977E-06 -8.689734E-05 0 -0.9999974 0.002313857 0 -0.9999974 0.002313857 0 -0.9999974 0.002313857 0 -0.9999974 0.002313857 1 -2.399201E-06 5.961659E-05 1 -2.399201E-06 5.96166E-05 1 -2.399201E-06 5.961659E-05 1 -2.399201E-06 5.961659E-05 0 1 -0.0001479907 0 1 -0.0001479907 0 1 -0.0001479907 0 1 -0.0001479907  
					<SubMeshes>: 1
						<SubMesh>: 0 36 0 1 2 2 3 0 4 5 6 6 7 4 8 9 10 10 11 8 12 13 14 14 15 12 16 17 18 18 19 16 20 21 22 22 23 20  
				</Mesh>
				<Materials>: 1
					<Material>: 0
						<AlbedoColor>: 1 1 1 1
						<EmissiveColor>: 0 0 0 0.9999999
						<Glossiness>: 0.5
						<Metallic>: 0
						<SpecularHighlight>: 1
						<GlossyReflection>: 1
				</Materials>
				<Children>: 0
			</Frame>
			<Frame>: 55 Box120
				<Transform>: 0 0 0 270 -1.001791E-05 0 1 1 1 -0.7071068 -6.181725E-08 -6.181725E-08 0.7071068  
				<TransformMatrix>: 1 0 1.748456E-07 0 1.748456E-07 -1.192093E-07 -1 0 0 1 -1.192093E-07 0 0 0 0 1  
				<Mesh>: 24 Box120
					<Bounds>: -0.1342258 25.23904 14.30616 25.22151 0.5015688 14.29467
					<Positions>: 24 -25.35573 24.73864 0.01800171 25.08305 25.73643 0.01148926 25.08305 24.73747 0.01148926 -25.35573 25.73812 0.01800171 25.08728 24.74033 28.60084 25.08728 25.74061 28.60084 -25.2896 25.73892 28.60019 -25.2896 24.73919 28.60019 -25.2896 25.73892 28.60019 25.08728 25.74061 28.60084 25.08305 25.73643 0.01148926 -25.35573 25.73812 0.01800171 -25.2896 24.73919 28.60019 -25.2896 25.73892 28.60019 -25.35573 25.73812 0.01800171 -25.35573 24.73864 0.01800171 -25.2896 24.73919 28.60019 -25.35573 24.73864 0.01800171 25.08305 24.73747 0.01148926 25.08728 24.74033 28.60084 25.08728 24.74033 28.60084 25.08305 24.73747 0.01148926 25.08305 25.73643 0.01148926 25.08728 25.74061 28.60084  
					<Colors>: 0  
					<Normals>: 24 -0.0001291159 0 -1 -0.0001291159 0 -1 -0.0001291159 0 -1 -0.0001291159 0 -1 -1.289112E-05 0 1 -1.289112E-05 0 1 -1.289111E-05 0 1 -1.289112E-05 0 1 0 1 -8.698633E-05 0 1 -8.698633E-05 0 1 -8.698634E-05 0 1 -8.698633E-05 -0.9999974 0 0.002313771 -0.9999974 0 0.002313771 -0.9999974 0 0.002313771 -0.9999974 0 0.002313771 -3.113448E-07 -1 5.965672E-05 -3.113448E-07 -1 5.965672E-05 -3.113448E-07 -1 5.965673E-05 -3.113448E-07 -1 5.965673E-05 1 0 -0.0001479053 1 0 -0.0001479053 1 0 -0.0001479053 1 0 -0.0001479053  
					<SubMeshes>: 1
						<SubMesh>: 0 36 0 1 2 0 3 1 4 5 6 6 7 4 8 9 10 10 11 8 12 13 14 14 15 12 16 17 18 18 19 16 20 21 22 22 23 20  
				</Mesh>
				<Materials>: 1
					<Material>: 0
						<AlbedoColor>: 1 1 1 1
						<EmissiveColor>: 0 0 0 0.9999999
						<Glossiness>: 0.5
						<Metallic>: 0
						<SpecularHighlight>: 1
						<GlossyReflection>: 1
				</Materials>
				<Children>: 0
			</Frame>
			<Frame>: 56 Box121
				<Transform>: 0 0 0 270 -1.001791E-05 0 1 1 1 -0.7071068 -6.181725E-08 -6.181725E-08 0.7071068  
				<TransformMatrix>: 1 0 1.748456E-07 0 1.748456E-07 -1.192093E-07 -1 0 0 1 -1.192093E-07 0 0 0 0 1  
				<Mesh>: 54 Box121
					<Bounds>: 0.4789553 -25.48885 5.755339 25.28159 0.7576208 5.753211
					<Positions>: 54 -4.211262 -24.73123 8.358588 -4.211201 -24.73123 0.002128906 -4.211199 -26.24646 0.002128906 -4.211199 -26.24646 0.002128906 -4.21126 -26.24646 8.358588 -4.211262 -24.73123 8.358588 5.705347 -24.73123 8.358587 -4.211262 -24.73123 8.358588 -4.21126 -26.24646 8.358588 -4.21126 -26.24646 8.358588 5.705348 -26.24646 8.358588 5.705347 -24.73123 8.358587 5.705347 -24.73123 8.358587 5.705348 -26.24646 8.358588 5.705469 -26.24646 0.002128906 5.705469 -26.24646 0.002128906 5.705467 -24.73123 0.002128296 5.705347 -24.73123 8.358587 25.75998 -24.73123 11.50855 25.75998 -26.24647 11.50855 -24.80263 -26.24646 11.50855 -24.80263 -24.73123 11.50855 -24.80263 -24.73123 11.50855 -24.80263 -26.24646 11.50855 -24.80263 -24.73123 0.002128906 -24.80263 -26.24646 0.002128906 25.75998 -26.24647 11.50855 25.75998 -24.73123 11.50855 25.76054 -26.24646 0.002128906 25.76054 -24.73123 0.002128296 -4.211201 -24.73123 0.002128906 -24.80263 -24.73123 0.002128906 -24.80263 -26.24646 0.002128906 -4.211199 -26.24646 0.002128906 25.76054 -24.73123 0.002128296 5.705467 -24.73123 0.002128296 5.705469 -26.24646 0.002128906 25.76054 -26.24646 0.002128906 -4.21126 -26.24646 8.358588 -4.211199 -26.24646 0.002128906 -24.80263 -26.24646 0.002128906 -24.80263 -26.24646 11.50855 25.75998 -26.24647 11.50855 5.705348 -26.24646 8.358588 25.76054 -26.24646 0.002128906 5.705469 -26.24646 0.002128906 5.705347 -24.73123 8.358587 5.705467 -24.73123 0.002128296 25.76054 -24.73123 0.002128296 25.75998 -24.73123 11.50855 -4.211262 -24.73123 8.358588 -24.80263 -24.73123 11.50855 -24.80263 -24.73123 0.002128906 -4.211201 -24.73123 0.002128906  
					<Colors>: 0  
					<Normals>: 54 -1 -1.611241E-06 -7.303949E-06 -1 -1.611241E-06 -7.303949E-06 -1 -1.611241E-06 -7.303949E-06 -1 -1.611241E-06 -7.303949E-06 -1 -1.611241E-06 -7.303949E-06 -1 -1.611241E-06 -7.303949E-06 0 2.014051E-07 1 0 2.014051E-07 1 0 2.014051E-07 1 0 2.014051E-07 1 0 2.014051E-07 1 0 2.014051E-07 1 1 8.056263E-07 1.446182E-05 1 8.056263E-07 1.446182E-05 1 8.056263E-07 1.446182E-05 1 8.056263E-07 1.446182E-05 1 8.056263E-07 1.446182E-05 1 8.056263E-07 1.446182E-05 0 0 -1 0 0 -1 0 0 -1 0 0 -1 1 0 0 1 0 0 1 0 0 1 0 0 -1 2.013911E-07 -4.888045E-05 -1 2.013911E-07 -4.888044E-05 -1 2.013911E-07 -4.888045E-05 -1 2.013911E-07 -4.888044E-05 0 0 1 0 0 1 0 0 1 0 0 1 0 4.028101E-07 1 0 4.028101E-07 1 0 4.028101E-07 1 0 4.028101E-07 1 0 1 2.504076E-07 0 1 0 0 1 0 0 1 0 1.078775E-07 1 3.275996E-07 1.082398E-07 1 3.542684E-07 1.078103E-07 1 3.226503E-07 1.078103E-07 1 3.226504E-07 -1.130257E-07 -1 -3.659484E-07 -1.154188E-07 -1 -3.226506E-07 -1.154188E-07 -1 -3.226506E-07 -1.150442E-07 -1 -3.294281E-07 -1.015949E-07 -1 -2.60699E-07 0 -1 0 0 -1 0 0 -1 0  
					<SubMeshes>: 1
						<SubMesh>: 0 84 0 1 2 3 4 5 6 7 8 9 10 11 12 13 14 15 16 17 18 19 20 20 21 18 22 23 24 23 25 24 26 27 28 27 29 28 30 31 32 32 33 30 34 35 36 36 37 34 38 39 40 38 40 41 38 41 42 42 43 38 42 44 43 45 43 44 46 47 48 46 48 49 50 46 49 49 51 50 51 52 50 53 50 52  
				</Mesh>
				<Materials>: 1
					<Material>: 0
						<AlbedoColor>: 1 1 1 1
						<EmissiveColor>: 0 0 0 0.9999999
						<Glossiness>: 0.5
						<Metallic>: 0
						<SpecularHighlight>: 1
						<GlossyReflection>: 1
				</Materials>
				<Children>: 0
			</Frame>
	</Frame>
</Hierarchy>
